Spearman correlations	Non-consumers		Protocatechuic acid	Hydroxytyrosol	"3,5-Dihydroxybenzoic acid"	"3,4-Dihydroxiphenylacetic acid"	Genistein	Apigenin	"3,4-Dihydroxyphenylpropionic acid"	"3,5-Dihydroxyphenylpropionic acid"	Epigallocatechin	Gallocatechin	3-Hydroxybenzoic acid	4-Hydroxybenzoic acid	Tyrosol	3-Hydroxyphenylacetic acid	4-Hydroxyphenylacetic acid	m-Coumaric acid	p-Coumaric acid	Vanillic acid	Naringenin	Phloretin	Kaempferol	Epicatechin	Catechin	Hesperetin	Homovanillic acid	Isorhamnetin	Ferulic acid	Resveratrol	Quercetin	Caffeic acid	Equol	Daidzein	Enterolactone	Enterodiol	Gallic acid	Gallic acid ethyl ester
24-HDR			uPPc_1	uPPc_2	uPPc_3	uPPc_4	uPPc_5	uPPc_6	uPPc_7	uPPc_8	uPPc_9	uPPc_10	uPPc_11	uPPc_12	uPPc_13	uPPc_14	uPPc_15	uPPc_16	uPPc_17	uPPc_18	uPPc_19	uPPc_20	uPPc_21	uPPc_22	uPPc_23	uPPc_24	uPPc_25	uPPc_26	uPPc_27	uPPc_28	uPPc_29	uPPc_33	uPPc_34	uPPc_35	uPPc_36	uPPc_37	uPPc_38	uPPc_39
Cyanidin   	101	Cyanidin	0.17036	0.18514	0.06856	0.20634	0.08225	-0.07573	0.02557	0.07738	0.06271	-0.0534	0.09925	0.16857	0.08318	0.15213	0.05594	0.08437	0.35464	0.09601	-0.05336	0.00918	0.08456	0.16787	0.27507	-0.1126	0.15908	0.11353	0.03495	0.21705	0.08914	0.07486	0.03535	0.07457	0.13534	0.1137	0.17271	0.19591
Delphinidin	215	Delphinidin	0.10361	0.28412	-0.02165	0.11412	-0.04049	-0.0839	-0.00557	-0.04395	0.03574	-0.04696	0.09442	0.04917	0.20795	0.08488	0.18796	0.06795	0.26825	0.03296	-0.00698	-0.00696	0.02394	0.18387	0.29995	0.01325	0.09887	0.06664	0.00284	0.50625	0.135	0.0599	0.01319	-0.03502	0.03677	-0.01429	0.4165	0.53616
Malvidin	228	Malvidin	0.0947	0.44111	-0.10527	0.14787	-0.04724	-0.04034	-0.01925	-0.10651	0.03203	-0.01213	0.09178	0.0721	0.35528	0.06303	0.25476	0.07442	0.28193	-0.00416	0.00617	-0.00587	0.01613	0.15063	0.32505	0.00944	0.10805	0.07259	-0.02354	0.5699	0.16057	0.03513	-0.0514	-0.04911	0.03926	-0.02767	0.43997	0.61047
Pelargonidin   	213	Pelargonidin	0.12821	-0.08401	0.13546	-0.00894	0.12638	-0.13044	0.01885	0.09973	0.01921	-0.04591	0.17196	0.14206	-0.11721	0.11203	-0.00847	0.09812	0.18993	0.09457	-0.08618	-0.0428	0.07486	0.13259	0.23243	-0.13999	0.03211	-0.00089	0.01535	0.07625	0.00031	0.05514	0.05992	0.15941	0.15284	0.17292	0.05529	-0.00747
Peonidin   	267	Peonidin	0.11776	0.32518	-0.0658	0.14485	-0.04941	-0.08224	-0.02939	-0.08682	-0.00868	-0.06825	0.05736	0.12803	0.21682	0.1059	0.13899	0.04699	0.29038	0.01163	-0.03014	-0.06511	0.04248	0.16102	0.33235	-0.03611	0.1324	0.12138	-0.02643	0.50411	0.10354	0.00928	-0.03121	-0.05227	0.01208	0.00152	0.30906	0.5316
Petunidin 	312	Petunidin	0.04784	0.37564	-0.10504	0.13841	-0.10689	-0.04926	-0.05313	-0.105	0.02204	-0.05274	0.04975	0.05271	0.28666	0.10836	0.18397	0.00932	0.25037	-0.01284	-0.01364	-0.02054	0.0187	0.14505	0.29815	0.00816	0.12166	0.05962	-0.06269	0.56906	0.13493	0.00213	-0.04505	-0.09845	0.01803	-0.03283	0.42609	0.6206
Pigment A  	337	PigmentA_agly	0.02343	0.41427	-0.1847	0.13627	-0.13709	-0.02414	-0.05996	-0.16642	0.0328	-0.06499	0.00523	0.03531	0.36211	0.13625	0.20707	-0.01138	0.25624	-0.04576	0.00396	-0.04759	0.0165	0.14678	0.3232	0.02112	0.1018	0.06417	-0.07694	0.57327	0.12136	-0.01101	-0.04456	-0.12658	-0.07098	-0.06679	0.44375	0.68652
Pinotin A  	337	PinotinA_agly	0.02355	0.41435	-0.18463	0.13637	-0.13718	-0.02401	-0.05973	-0.16635	0.03275	-0.06492	0.00532	0.03535	0.36208	0.13656	0.20699	-0.01134	0.25626	-0.04565	0.00401	-0.04747	0.01655	0.14689	0.32328	0.02099	0.10186	0.06424	-0.07692	0.5733	0.12152	-0.01086	-0.04466	-0.12673	-0.07099	-0.06683	0.44377	0.68658
Vitisin A  	337	VitisinA_agly	0.02341	0.41425	-0.18471	0.13629	-0.13709	-0.02412	-0.05989	-0.16643	0.03279	-0.06497	0.00524	0.03528	0.36208	0.13625	0.20707	-0.01138	0.25623	-0.04578	0.00396	-0.04754	0.01648	0.1468	0.32317	0.02111	0.10179	0.06417	-0.07693	0.57325	0.12135	-0.01101	-0.04456	-0.12655	-0.07102	-0.06681	0.44374	0.68651
Xanthohumol   	409	Xanthohumol	0.10482	-0.06202	0.05184	-0.00219	0.15807	-0.03884	0.10967	0.10131	0.06518	0.07823	0.19452	0.14224	0.18773	0.11284	0.25489	0.21062	0.07194	0.12433	0.02246	0.08536	0.10213	0.03605	0.15504	0.068	0.06028	-0.01654	0.21583	-0.0853	0.09107	0.13273	-0.04232	0.14277	0.14077	0.08119	-0.03041	-0.14749
3-Hydroxyphloretin 	403	Hydroxyphloretin	0.1832	-0.17274	0.22929	0.06326	0.12437	-0.08797	0.07689	0.25644	0.11622	-0.00486	0.12655	0.0922	-0.11437	0.09894	0.04104	0.12038	0.21015	0.10436	-0.00656	0.30094	0.03339	0.24031	0.07698	0.01626	0.05161	0.0388	0.16712	-0.03599	0.12276	0.15219	0.05694	0.12119	0.1577	0.05512	0.11477	-0.10436
Phloretin   	234	Phloretin	0.11867	-0.06063	0.13838	0.1547	0.05652	0.01094	0.10567	0.14961	0.16765	0.09899	0.12393	0.05995	-0.08266	0.08672	0.01737	0.10026	0.17904	0.08268	0.09219	0.4747	0.07441	0.30158	0.06848	0.11244	0.13934	0.07245	0.13219	-0.03083	0.159	0.12607	0.02591	0.03257	0.08634	0.03748	0.05585	-0.03308
Dihydromyricetin	251	Dihydromyricetin	0.08916	0.49169	-0.15047	0.15533	-0.08862	0.00016	-0.02341	-0.12407	0.04142	-0.02483	0.05498	0.06263	0.44452	0.08974	0.27488	0.06221	0.31956	-0.03446	0.01977	-0.03305	0.02367	0.14788	0.33341	0.0267	0.08698	0.07353	-0.02841	0.59326	0.13914	0.03771	-0.03656	-0.08971	-0.02176	-0.03675	0.47689	0.6824
Dihydroquercetin   	242	Dihydroquercetin	0.09643	0.52942	-0.15839	0.18703	-0.10738	0.0118	-0.01906	-0.13543	0.06449	-0.00164	0.04755	0.0573	0.49781	0.08627	0.29193	0.06867	0.34235	-0.03175	0.02137	-0.0362	0.02697	0.16013	0.35612	0.03824	0.10428	0.0891	-0.03051	0.63179	0.14341	0.04425	-0.0089	-0.08164	-0.03284	-0.05697	0.49887	0.7063
(-)-Epicatechin   	5	Epicatechin	0.21514	0.074	0.21657	0.20253	0.1792	0.01058	0.00516	0.19877	0.1172	0.15117	0.22894	0.14311	-0.01983	0.18519	0.09381	0.12435	0.32851	0.16531	-0.02033	0.275	0.20345	0.54178	0.39329	-0.03245	0.24696	0.23032	0.04993	0.21127	0.29508	0.06087	0.06853	0.18603	0.13094	0.08826	0.48834	0.21692
(-)-Epigallocatechin   	83	Epigallocatechin	0.10364	0.1506	0.16216	0.10265	0.14692	0.02699	-0.11067	0.15794	0.09012	0.1221	0.1287	0.14387	0.01202	0.07312	0.05165	0.02234	0.2507	0.06073	-0.00123	0.10706	0.20017	0.30892	0.27306	0.00309	0.13949	0.18269	-0.04591	0.24642	0.2581	-0.01025	0.0936	0.20871	0.15305	0.09083	0.4851	0.25643
(+)-Catechin   	5	Catechin	0.1742	0.26867	0.07887	0.18783	0.11307	-0.04121	-0.07282	0.0655	0.11837	0.10131	0.18923	0.13306	0.187	0.18016	0.1886	0.06128	0.37714	0.11418	-0.01933	0.11706	0.19975	0.42763	0.52685	-0.04968	0.22399	0.16804	0.02222	0.41761	0.25837	0.01302	0.05639	0.16987	0.10993	0.05966	0.61027	0.4016
(+)-Gallocatechin   	97	Gallocatechin	0.07753	0.2169	0.12941	0.10376	0.1168	-0.00131	-0.12417	0.13653	0.07805	0.11418	0.12528	0.10724	0.10317	0.07391	0.08462	0.01992	0.28391	0.03452	-0.01702	0.08318	0.1893	0.29781	0.32252	-0.03362	0.13876	0.16486	-0.05772	0.30781	0.25178	-0.02442	0.07842	0.18627	0.14693	0.08466	0.53061	0.33638
Procyanidin dimer B1 	46	PA_B1	0.06009	0.25099	-0.0101	0.14243	0.02784	-0.00219	-0.0542	-0.00124	0.1203	0.14794	0.13091	0.10743	0.16602	0.15085	0.12287	0.00314	0.27342	0.01587	0.00752	0.16859	0.19243	0.37129	0.40972	-0.02071	0.17322	0.15691	-0.03194	0.323	0.22831	-0.03184	0.00714	0.05503	0.04275	0.01032	0.50774	0.37552
Procyanidin dimer B2 	27	PA_B2	0.17337	0.10065	0.12598	0.23522	0.0808	0.00861	0.03638	0.13655	0.15502	0.11902	0.18361	0.09801	0.0389	0.19287	0.10733	0.10782	0.31251	0.14973	0.02694	0.36235	0.16276	0.50667	0.37529	0.03753	0.2397	0.16903	0.07214	0.22734	0.26569	0.06715	0.01767	0.08421	0.0641	0.02602	0.42439	0.25239
Procyanidin dimer B3 	43	PA_B3	0.07851	0.38095	-0.07824	0.16022	-0.00285	-0.04059	-0.09481	-0.04657	0.08112	0.04994	0.12066	0.12415	0.36323	0.19043	0.28023	0.02986	0.35273	0.01421	-0.00809	0.04776	0.14243	0.28139	0.4995	0.00073	0.18312	0.12827	0.00779	0.51379	0.22323	0.00088	-0.00644	0.03142	0.04246	0.01046	0.5607	0.58182
Procyanidin dimer B4 	109	PA_B4	0.098	0.36657	-0.02416	0.15157	0.01312	-0.04155	-0.09295	-0.01523	0.10299	0.06562	0.13461	0.13529	0.27417	0.13256	0.19318	0.05497	0.37377	-0.00553	-0.00527	0.03795	0.13998	0.3106	0.45183	-0.01447	0.1562	0.14662	-0.02302	0.53346	0.24545	0.00251	0.00047	0.0621	0.08006	0.02911	0.63947	0.57533
Procyanidin dimer B5 	141	PA_B5	-0.06442	0.11833	-0.07832	0.10585	-0.03668	0.0544	-0.02788	-0.0779	0.07516	0.10355	0.03604	0.04266	0.00977	0.05951	-0.04374	-0.05127	0.05646	-0.04434	0.04964	0.19857	0.11212	0.2147	0.13627	0.03636	0.13978	0.12329	-0.06175	0.03229	0.06128	-0.07424	-0.03984	-0.04686	-0.01956	0.01935	0.03072	0.11367
Procyanidin dimer B7   	96	PA_B7	-0.03571	0.21985	-0.06943	0.13908	-0.0498	0.0504	-0.04592	-0.06232	0.11849	0.14491	0.07945	0.04656	0.11196	0.11033	0.02378	-0.02205	0.16402	-0.038	0.04998	0.20357	0.16284	0.30226	0.28229	0.03252	0.17219	0.16423	-0.06772	0.17863	0.15507	-0.0654	-0.05007	-0.05576	-0.01328	0.01437	0.23347	0.2783
Prodelphinidin dimer B3 	148	Prodelphinidin_B3	0.09311	0.19833	0.10053	0.0842	0.1448	-0.08605	-0.07752	0.14382	0.06993	0.08234	0.18569	0.13739	0.19257	0.10527	0.18458	0.09734	0.24121	0.01399	-0.03066	0.08848	0.17302	0.27546	0.3305	-0.03419	0.10132	0.10624	0.06643	0.25794	0.22233	0.04076	0.00679	0.19928	0.17822	0.10788	0.4587	0.23083
Procyanidin trimer C1 	63	PA_C1	0.06628	0.23662	-0.07169	0.17367	-0.03498	0.05496	-0.02725	-0.06859	0.0745	0.11088	0.07527	0.04182	0.1193	0.13681	0.07168	0.02891	0.20269	0.06921	0.03518	0.14837	0.13892	0.34525	0.34079	0.0367	0.19736	0.15172	-0.0414	0.28062	0.15781	-0.0359	-0.0254	-0.04183	-0.03098	-0.00575	0.31256	0.36027
Procyanidin trimer C2 	418	PA_C2	0.10969	-0.05767	0.11498	0.00298	0.15353	-0.04692	0.11165	0.14922	0.03412	0.07017	0.197	0.135	0.19683	0.05401	0.26552	0.2324	0.05326	0.1583	-0.00511	0.07142	0.07419	0.02991	0.13407	0.07923	0.04984	-0.01208	0.2507	-0.09653	0.06463	0.17075	-0.01201	0.15659	0.13035	0.05929	-0.06324	-0.14117
Procyanidin trimer EEC 	152	PA_EEC	-0.03239	0.11558	-0.12753	0.09255	-0.0649	0.08683	0.03018	-0.12598	0.02781	0.046	-0.00461	0.05072	0.02109	-0.0212	-0.05821	-0.04341	0.04758	-0.02279	0.06619	0.13822	0.04499	0.05702	0.08408	0.03673	0.11102	0.02244	-0.04108	0.03398	-0.02037	-0.03911	-0.09882	-0.07117	-0.05745	0.04513	-0.09199	0.08727
Procyanidin trimer T2 	337	PA_T2	0.02346	0.4143	-0.1846	0.13629	-0.13724	-0.02401	-0.05981	-0.16634	0.0327	-0.06502	0.00521	0.03527	0.36208	0.13638	0.20699	-0.01144	0.25622	-0.04573	0.00404	-0.04753	0.01641	0.14674	0.32315	0.02103	0.1018	0.06415	-0.07693	0.57326	0.12141	-0.01097	-0.04457	-0.12673	-0.07093	-0.06672	0.44373	0.68657
Prodelphinidin trimer C-GC-C 	418	PA_C_GC_C	0.10967	-0.05768	0.115	0.003	0.15352	-0.0469	0.11162	0.14923	0.03412	0.07015	0.19699	0.13502	0.19682	0.05401	0.26552	0.23237	0.05324	0.15832	-0.0051	0.07142	0.07418	0.02992	0.13407	0.07923	0.04984	-0.01208	0.25068	-0.09655	0.06462	0.17072	-0.01196	0.15659	0.13035	0.05926	-0.06324	-0.14119
Prodelphinidin trimer GC-C-C 	418	PA_GC_C_C	0.10955	-0.05739	0.11498	0.00301	0.15353	-0.0469	0.11179	0.14919	0.03429	0.06998	0.19679	0.13523	0.19698	0.05401	0.26567	0.23241	0.05306	0.15819	-0.00487	0.07138	0.07419	0.02951	0.13396	0.07953	0.04986	-0.0123	0.25075	-0.09626	0.06463	0.17068	-0.01226	0.15614	0.13029	0.0596	-0.06349	-0.1413
Prodelphinidin trimer GC-GC-C 	418	PA_GC_GC_C	0.10967	-0.05768	0.115	0.003	0.15352	-0.0469	0.11162	0.14923	0.03412	0.07015	0.19699	0.13502	0.19682	0.05401	0.26552	0.23237	0.05324	0.15832	-0.0051	0.07142	0.07418	0.02992	0.13407	0.07923	0.04984	-0.01208	0.25068	-0.09655	0.06462	0.17072	-0.01196	0.15659	0.13035	0.05926	-0.06324	-0.14119
Cinnamtannin A2  	322	Cinnamtannin_A2	0.13685	-0.06921	0.04547	0.00279	0.09107	-0.02681	-0.01025	0.00958	-0.12706	-0.01498	0.02238	0.03206	-0.08733	0.09568	0.00693	0.03233	-0.02499	0.21885	-0.09448	-0.04854	-0.02185	0.17036	0.1157	-0.06325	0.03605	-0.02623	-0.01409	0.02051	-0.06651	-0.02769	0.10338	0.08195	0.07305	0.01341	0.05497	-0.02754
PA dimers   	45	PA_Dimers	0.22305	0.05258	0.04746	0.16964	0.04529	0.05482	0.04206	0.03568	0.03247	0.05844	0.10242	0.0977	-0.0244	0.17501	0.09063	0.0843	0.20109	0.21716	0.01482	0.21414	0.0778	0.36117	0.28753	0.05445	0.18836	0.09557	0.08095	0.1596	0.13308	0.04824	0.05988	0.05765	-0.0003	-0.00218	0.21945	0.153
PA trimers   	47	PA_Trimers	0.22291	0.04966	0.04493	0.15565	0.04747	0.0528	0.03357	0.02831	0.01193	0.04637	0.09737	0.10711	-0.02905	0.16765	0.08696	0.07791	0.19063	0.21817	0.00124	0.17428	0.0708	0.34162	0.28216	0.0401	0.17811	0.08346	0.07318	0.15649	0.10881	0.03954	0.06839	0.06397	0.00398	0.00052	0.21682	0.14163
PA 04-06mers   	48	PA_4_6mers	0.22898	0.0419	0.04849	0.1731	0.06555	0.05945	0.05394	0.0389	0.0426	0.05849	0.10277	0.11146	-0.03384	0.16921	0.08723	0.08035	0.204	0.21398	0.02293	0.21609	0.09044	0.34826	0.27529	0.05566	0.19223	0.09811	0.10345	0.14651	0.1248	0.06605	0.08645	0.07752	-0.00819	-0.00956	0.20421	0.12936
PA 07-10mers   	62	PA_7_10mers	0.21595	0.05809	0.03595	0.19038	0.05615	0.0578	0.06363	0.03497	0.07236	0.05784	0.1053	0.11075	-0.01216	0.15674	0.09317	0.07845	0.22437	0.19972	0.04048	0.24933	0.10028	0.342	0.27584	0.06643	0.20239	0.09885	0.11345	0.15845	0.137	0.07948	0.07508	0.07198	-0.02423	-0.02241	0.2071	0.14463
Polymers (>10 mers) 	65	PA_Polymers	0.23406	0.06172	0.03501	0.17393	0.06253	0.03329	0.0479	0.02767	0.05076	0.03301	0.11342	0.11648	-0.02127	0.15261	0.08358	0.08085	0.23151	0.20697	0.00769	0.18023	0.09611	0.31431	0.28191	0.0321	0.19328	0.07519	0.11145	0.188	0.11543	0.08113	0.08787	0.08218	-0.00093	-0.01338	0.21214	0.13542
Theaflavin   	362	Theaflavin	-0.04183	0.04654	0.11904	0.01418	0.1299	-0.0755	-0.14028	0.13054	0.09128	0.12297	0.11651	0.04438	-0.00121	0.06964	-0.00262	-0.02799	0.12586	-0.03584	-0.05668	0.08467	0.15232	0.29671	0.22673	-0.09295	0.05813	0.12886	-0.08206	0.05403	0.18788	-0.0829	-0.00609	0.16262	0.12525	0.08137	0.36771	0.07015
Isosakuranetin	253	Isosakuranetin	-0.02117	0.0275	0.01637	0.09038	0.12414	0.15696	0.00517	0.0588	0.43627	0.04514	-0.00339	0.1223	0.04551	0.01887	0.09754	0.02806	0.06204	0.04341	0.50065	0.17417	0.25546	-0.01107	-0.12105	0.53399	0.08505	0.02095	0.17744	0.09905	0.13669	0.05263	0.02669	0.02164	0.03208	0.04146	-0.05416	-0.00888
Eriodictyol   	185	Eriodictyol	-0.10262	0.02772	0.02442	0.0838	0.13173	0.11898	-0.04914	0.03729	0.29161	-0.02445	-0.09426	0.02514	0.0543	0.00916	-0.00394	-0.05318	0.04047	-0.02771	0.26795	0.11676	0.20104	-0.07104	-0.11587	0.27976	0.03734	-0.00761	0.05499	-0.02455	0.11929	-0.0013	0.0258	0.05125	-0.01932	0.07117	-0.08243	-0.04245
Hesperidin   	89	Hesperetin	-0.00158	0.08497	0.03002	0.10815	0.14908	0.14511	-0.03715	0.07953	0.41179	0.01652	0.01247	0.13558	0.11108	0.05453	0.14971	0.04316	0.1319	0.02922	0.447	0.14972	0.25732	0.00651	-0.0237	0.49635	0.09402	0.00768	0.1674	0.16423	0.15799	0.06299	0.01436	0.05637	0.04293	0.06073	-0.01011	0.08444
Naringenin   	30	Naringenin	0.03866	0.26873	-0.01998	0.16706	0.0415	0.16209	-0.03188	0.02349	0.41043	0.04519	0.02791	0.14756	0.25036	0.05596	0.22027	0.04339	0.19443	0.0368	0.48655	0.12336	0.27522	0.04887	0.05796	0.46515	0.1282	0.05454	0.12934	0.33065	0.18595	0.05819	-0.0106	-0.03177	0.04971	0.05246	0.16581	0.2616
6-Geranylnaringenin   	409	Geranylnaringenin_6	0.10575	-0.06275	0.07065	0.00389	0.15737	-0.04977	0.1096	0.11283	0.06497	0.08125	0.19178	0.13598	0.19401	0.09818	0.26117	0.21671	0.071	0.11763	0.02114	0.09323	0.09634	0.04109	0.15563	0.07529	0.05441	-0.02314	0.22482	-0.08569	0.08221	0.15207	-0.03428	0.14353	0.15216	0.07171	-0.03486	-0.1399
6-Prenylnaringenin   	411	Prenylnaringenin_6	0.10455	-0.06212	0.05258	-0.003	0.15818	-0.03896	0.10951	0.10239	0.06425	0.07831	0.19514	0.14205	0.18824	0.11238	0.25605	0.21139	0.07149	0.12513	0.02164	0.08479	0.10161	0.03597	0.15472	0.06822	0.06008	-0.01649	0.21674	-0.08566	0.09078	0.13304	-0.04233	0.1432	0.1407	0.08096	-0.03092	-0.14766
8-Prenylnaringenin   	409	Prenylnaringenin_8	0.10504	-0.06193	0.05402	-0.00291	0.15817	-0.03873	0.11002	0.10378	0.06321	0.07848	0.19617	0.14233	0.1893	0.11209	0.25742	0.21256	0.07084	0.12651	0.02085	0.08421	0.10135	0.03577	0.15446	0.0686	0.0603	-0.01611	0.21816	-0.08624	0.09086	0.13411	-0.04184	0.14387	0.14063	0.08095	-0.03105	-0.14819
Isoxanthohumol   	409	Isoxanthohumol	0.10548	-0.06276	0.05485	-0.00329	0.15901	-0.03952	0.1109	0.10513	0.06333	0.07833	0.19649	0.14201	0.18941	0.11197	0.25783	0.21393	0.07091	0.12749	0.02091	0.08394	0.10108	0.03576	0.15501	0.06858	0.06009	-0.01612	0.21937	-0.08647	0.09049	0.13491	-0.04172	0.14481	0.1406	0.08086	-0.03173	-0.14823
Apigenin   	13	Apigenin	0.05258	0.17331	0.05767	0.19281	0.11175	0.12528	0.02132	0.05178	0.28165	-0.00894	-0.03001	0.09552	0.14189	0.03543	0.09426	-0.004	0.09249	0.15632	0.34089	0.09067	0.17843	-0.01986	-0.03565	0.33754	0.14522	0.00224	0.14183	0.13877	0.04106	0.05041	0.11022	0.03034	-0.01322	0.02599	0.0353	0.09469
Baicalein   	467	Baicalein	-0.14902	-0.05201	-0.02917	-0.06665	0.0448	0.04272	-0.01893	-0.03818	-0.01634	-0.03874	-0.13901	-0.13315	0.01021	0.02358	-0.06968	-0.04718	-0.10742	-0.08416	0.03622	-0.05645	0.00692	-0.03426	-0.11005	-0.0086	-0.06253	-0.02	-0.13474	-0.09553	-0.0153	-0.1189	-0.06969	-0.0346	-0.0649	0.02058	-0.08925	-0.07367
Chrysin   	394	Chrysin	0.11646	-0.037	0.13844	0.05597	0.0931	0.07171	0.06216	0.1229	0.00175	0.06151	0.0672	0.09435	-0.02503	0.03866	0.04504	0.09375	0.07237	0.04773	-0.06114	0.03868	-0.01369	0.04292	0.03637	-0.03229	0.01467	0.05274	0.08613	0.02853	0.07076	0.10448	0.01668	0.15804	0.08205	0.0863	0.01225	-0.00371
Luteolin   	39	Luteolin	-0.09744	0.39348	-0.18789	0.17534	-0.22306	0.23662	-0.14113	-0.22518	0.03067	0.03187	-0.1271	-0.03874	0.32545	0.08099	-0.09424	-0.18164	0.04986	-0.0852	0.02892	-0.09974	0.08426	-0.09891	-0.01936	-0.03951	0.1643	0.01922	-0.1964	0.05506	0.03043	-0.15329	-0.02948	-0.19483	-0.07694	0.02115	0.03222	0.18465
Cirsimaritin   	456	Cirsimaritin	0.00851	0.06744	-0.06116	0.07738	0.01719	0.03868	-0.063	-0.08412	-0.01597	-0.08822	-0.00471	0.08584	0.03922	-0.02672	0.00337	-0.03798	-0.01391	0.01206	-0.00177	-0.01608	0.05302	0.03189	0.12891	0.00076	0.02076	-0.00831	-0.06433	0.07285	0.00835	-0.05072	0.03768	-0.02685	-0.04886	-0.06051	0.11627	0.05444
Diosmin   	327	Diosmetin	-0.13753	0.08476	-0.03887	0.02084	0.03719	0.04691	-0.06641	-0.03193	0.0255	-0.09314	-0.11879	-0.06744	0.13936	0.01783	-0.07939	-0.09382	-0.03209	-0.0759	-0.00464	-0.04637	0.01101	-0.11885	-0.08754	0.00417	-0.02351	-0.06871	-0.09529	-0.0894	-0.02111	-0.07669	-0.04937	0.01299	-0.0022	0.04606	-0.08784	-0.04169
Hispidulin   	445	Hispidulin	0.05145	0.03687	-0.01267	0.02992	-0.0005	0.05135	-0.00939	-0.03474	0.02016	-0.02914	0.05623	0.13469	0.04618	0.05436	0.02498	0.0404	0.03616	0.02261	0.01389	0.0311	0.06702	0.0812	0.13919	0.00652	0.00694	0.03678	-0.02669	0.11267	0.08309	0.0037	0.01686	-0.00522	0.00083	-0.0372	0.1193	0.08445
Nobiletin   	259	Nobiletin	-0.00667	0.00129	0.01794	0.07102	0.13652	0.10377	0.00809	0.06261	0.39885	0.01226	-0.00049	0.13768	0.0336	0.02194	0.11505	0.03919	0.06097	0.03549	0.44093	0.16064	0.21117	-0.02795	-0.11489	0.5011	0.06636	-0.01947	0.18791	0.0857	0.10228	0.06115	0.05509	0.02993	0.0489	0.05436	-0.1104	-0.04386
Sinensetin   	259	Sinensetin	-0.00594	0.00109	0.01872	0.07019	0.13691	0.10324	0.00844	0.06313	0.39812	0.01279	-0.00052	0.1384	0.03401	0.02182	0.11525	0.039	0.06115	0.03608	0.44104	0.16049	0.21112	-0.02829	-0.11449	0.50103	0.06567	-0.01961	0.18806	0.08509	0.10169	0.06134	0.05551	0.03032	0.05	0.05516	-0.11137	-0.04432
Tangeretin   	265	Tangeretin	-0.01122	-0.00156	0.02437	0.06628	0.14251	0.10479	0.00721	0.06834	0.39488	0.00928	-0.00237	0.13493	0.03449	0.02233	0.11734	0.04065	0.06008	0.03278	0.44446	0.15726	0.21572	-0.0343	-0.12417	0.50627	0.06375	-0.02348	0.18771	0.07833	0.09993	0.05345	0.05314	0.04103	0.04023	0.05457	-0.11795	-0.04347
Tetramethylscutellarein   	261	Tetramethylscutellarein	-0.00695	0.00232	0.02161	0.06932	0.14107	0.10668	0.00751	0.06376	0.39358	0.01363	-0.0033	0.14049	0.03258	0.02148	0.11117	0.03747	0.0575	0.03131	0.44217	0.15202	0.21374	-0.03563	-0.11881	0.50375	0.06306	-0.02033	0.18372	0.08357	0.10294	0.05679	0.05493	0.03423	0.04805	0.05494	-0.11211	-0.04209
"6,8-Dihydroxykaempferol   "	462	Dihydroxykaempferol	0.00746	0.05255	-0.00924	0.05172	0.01	0.03467	0.0102	-0.02338	-0.07868	-0.05496	0.02799	-0.03748	-0.02896	0.08664	-0.07055	-0.03045	-0.02187	0.06473	0.00156	-0.01005	0.01641	-0.04061	-0.03567	-0.0014	0.02901	-0.01203	-0.04382	0.03364	-0.0212	-0.01379	0.08118	0.00929	0.01839	0.01605	-0.05469	-0.03949
Kaempferol   	26	Kaempferol	0.01256	0.29475	0.00652	0.10142	0.01361	-0.03122	-0.17513	0.00809	0.06404	0.10259	0.14465	0.04981	0.2084	0.12343	0.1149	-0.03073	0.23397	-0.04492	-0.04994	0.03494	0.15601	0.24054	0.34708	-0.0616	0.10774	0.14439	-0.0648	0.31066	0.22641	-0.05884	0.03176	0.07267	0.10726	0.07855	0.51194	0.33999
Morin   	340	Morin	0.1026	-0.04809	0.05978	-0.00408	0.05259	-0.06055	0.01567	0.03224	-0.00503	-0.05013	0.12378	0.1488	-0.07898	0.05785	0.01167	0.09143	0.12505	0.07722	-0.07835	-0.04606	0.06262	0.04059	0.19166	-0.12085	0.03652	-0.03592	-0.00412	0.07257	-0.038	0.03468	-0.04153	0.09415	0.09451	0.13561	0.01086	-0.0146
Myricetin   	219	Myricetin	0.07942	0.33679	-0.0624	0.15711	-0.04332	0.00138	-0.01838	-0.03709	0.02586	-0.03308	0.06117	0.1043	0.35416	0.15039	0.27402	0.05559	0.27889	-0.00204	-0.02088	-0.00619	0.03349	0.15666	0.33402	0.01639	0.12144	0.06821	0.02439	0.48333	0.13833	0.06092	-0.01413	-0.01183	0.01571	0.00259	0.38583	0.55629
Quercetin   	1	Quercetin	0.17743	0.20858	0.15377	0.24634	0.13701	0.06159	0.00845	0.16686	0.193	0.16972	0.16136	0.12682	0.09648	0.18623	0.10105	0.11893	0.38272	0.09323	0.05614	0.22716	0.26075	0.40451	0.36601	-0.00317	0.25215	0.2246	0.02504	0.25717	0.38969	0.04518	-0.01358	0.12066	0.14258	0.11464	0.4999	0.29048
"3,7-Dimethylquercetin   "	327	Dimethylquercetin	0.12782	0.19418	0.05277	0.03337	0.07863	-0.01038	0.09167	0.07431	0.05384	0.08295	0.16958	0.10731	0.29654	0.01835	0.2755	0.18741	0.16147	0.05512	0.01883	0.02603	0.03656	0.01272	0.09944	0.04719	0.02909	0.01169	0.16232	0.0711	0.08499	0.1432	0.00455	0.09511	0.11715	0.06749	0.0403	0.02149
3-Methoxynobiletin   	261	Methoxynobiletin	-0.01172	0.01145	0.0174	0.07882	0.13651	0.11677	0.01091	0.06096	0.4058	0.01677	-0.00459	0.13968	0.03915	0.02326	0.11315	0.03865	0.05762	0.02864	0.45354	0.15466	0.22109	-0.03296	-0.11949	0.5151	0.07126	-0.01258	0.18595	0.08963	0.10845	0.05748	0.05017	0.03133	0.0394	0.0521	-0.10039	-0.03331
3-Methoxysinensetin   	393	Methoxysinensetin	0.03853	-0.12805	0.07145	-0.06774	0.17847	-0.06515	-0.04211	0.11067	0.04884	-0.05322	0.01048	0.09822	-0.08574	0.00427	0.07426	0.00737	0.00352	0.03566	0.09648	0.02661	0.0201	-0.05995	-0.07584	0.12402	-0.06219	-0.13188	0.06721	-0.05402	-0.05596	0.0009	0.07057	0.13428	0.13271	0.0825	-0.20262	-0.17237
"5,3',4'-Trihydroxy-3-methoxy-6:7-methylenedioxyflavone 4'-O-glucuronide  "	433	Trimethylenedioxyflavone	0.09076	0.02823	0.09542	0.07765	0.16178	0.03994	0.06819	0.1259	0.01579	0.09233	0.06397	0.02122	0.01176	-0.02101	0.01638	0.05478	0.06897	0.04933	0.03556	0.10179	0.03875	0.03895	0.00714	-0.0279	0.06475	0.06426	0.09268	-0.06563	0.08641	0.09528	0.06377	0.13567	0.1299	0.12891	-0.0105	-0.06644
"5,4'-Dihydroxy-3,3'-dimethoxy-6:7-methylenedioxyflavone 4'-O-glucuronide  "	433	Dimethylenedioxyflavone	0.09076	0.02823	0.09542	0.07765	0.16178	0.03994	0.06819	0.1259	0.01579	0.09233	0.06397	0.02122	0.01176	-0.02101	0.01638	0.05478	0.06897	0.04933	0.03556	0.10179	0.03875	0.03895	0.00714	-0.0279	0.06475	0.06426	0.09268	-0.06563	0.08641	0.09528	0.06377	0.13567	0.1299	0.12891	-0.0105	-0.06644
Isorhamnetin   	106	Isorhamnetin	0.01329	0.24985	-0.10985	0.13704	-0.02316	0.07799	-0.02547	-0.067	0.05253	0.04347	-0.00139	0.06387	0.15465	0.04963	0.09191	-0.02049	0.15664	-0.01709	0.12842	0.042	0.09823	0.08001	0.17718	0.04353	0.13879	0.11199	-0.03565	0.27942	0.20084	-0.00633	-0.10717	-0.09331	-0.03014	0.00152	0.22434	0.37074
Jaceidin	433	Jaceidin	0.09079	0.02809	0.09524	0.07753	0.16168	0.03991	0.06832	0.12572	0.01579	0.09226	0.06395	0.02118	0.01153	-0.02117	0.01634	0.05446	0.06891	0.04956	0.03565	0.10188	0.03875	0.03901	0.0072	-0.0277	0.06474	0.06411	0.0928	-0.06563	0.08624	0.09524	0.0638	0.13562	0.12945	0.12857	-0.0105	-0.0662
Patuletin	433	Patuletin	0.09074	0.02816	0.09516	0.07755	0.16171	0.03976	0.06825	0.12558	0.01589	0.09229	0.06392	0.02126	0.01155	-0.02107	0.0163	0.05426	0.06885	0.04954	0.03567	0.10193	0.03881	0.03901	0.00715	-0.02755	0.06478	0.06396	0.09285	-0.06567	0.0861	0.09523	0.06397	0.13567	0.12932	0.12836	-0.0105	-0.06611
Spinacetin	433	Spinacetin	0.09074	0.02816	0.09516	0.07755	0.16171	0.03976	0.06825	0.12558	0.01589	0.09229	0.06392	0.02126	0.01155	-0.02107	0.0163	0.05426	0.06885	0.04954	0.03567	0.10193	0.03881	0.03901	0.00715	-0.02755	0.06478	0.06396	0.09285	-0.06567	0.0861	0.09523	0.06397	0.13567	0.12932	0.12836	-0.0105	-0.06611
Daidzein   	430	Daidzein	-0.01651	-0.00016	-0.0681	0.00652	0.01828	0.00392	-0.02717	-0.06061	-0.03413	-0.01589	-0.0488	-0.02078	0.03265	-0.07735	-0.00035	-0.05886	-0.028	-0.01661	-0.00248	-0.08349	0.01387	-0.06742	-0.05228	0.00537	0.01337	-0.04637	-0.00514	0.01019	-0.06217	-0.05954	-0.02594	-0.04861	-0.03466	-0.0026	-0.01528	-0.07003
Genistein   	420	Genistein	-0.01978	0.02627	-0.11662	0.01778	0.00088	0.02103	-0.04444	-0.11698	0.01676	-0.00582	-0.03061	-0.00433	0.05739	-0.04221	0.02424	-0.09672	-0.02641	-0.01653	0.02421	-0.05014	0.03275	-0.04694	-0.02432	0.03487	0.01247	0.00392	0.00722	0.05619	-0.03964	-0.06985	0.00249	-0.06769	-0.05925	-0.03502	0.02163	-0.03633
Glycitein   	464	Glycitein	0.04507	-0.02347	0.01375	-0.02516	0.18772	0.05089	0.04004	-0.00733	0.02223	0.05474	0.01838	0.06082	-0.0365	-0.02859	0.02052	0.07588	0.00999	0.0624	0.05899	-0.01552	0.124	-0.01084	-0.01921	0.04512	0.06742	0.02706	0.06358	0.02437	0.01827	0.00014	-0.02532	0.11153	-0.0901	-0.00462	-0.01351	-0.07931
Biochanin A  	401	Bioachanin_A	0.10188	-0.06	0.06138	0.01267	0.13522	-0.07696	0.0912	0.11006	0.01628	0.01425	0.15389	0.105	0.19477	0.04221	0.25168	0.17922	0.07224	0.11108	-0.01811	0.0478	0.05617	0.01733	0.13571	0.04772	0.04445	-0.05284	0.20453	-0.0464	0.02438	0.13693	0.00204	0.11889	0.14873	0.05947	-0.04525	-0.12447
"2,3-Dihydroxybenzoic acid  "	336	Dihydroxybenzoic_23	0.02277	0.41712	-0.18045	0.13906	-0.13066	-0.0184	-0.06196	-0.16242	0.03381	-0.06752	0.00191	0.03941	0.36495	0.14238	0.20678	-0.0109	0.25467	-0.04315	0.00531	-0.04562	0.0195	0.14674	0.3182	0.02345	0.10354	0.06754	-0.07544	0.57327	0.12497	-0.0118	-0.05073	-0.11978	-0.06689	-0.06153	0.44288	0.6824
"2,4-Dihydroxybenzoic acid  "	374	Dihydroxybenzoic_24	-0.15925	0.30716	-0.15641	0.2163	-0.13805	0.04986	-0.11413	-0.15534	-0.0314	0.00468	-0.15604	-0.08191	0.12937	-0.01007	-0.09923	-0.16427	0.0124	-0.09755	-0.01212	-0.10945	0.04504	-0.12344	-0.05313	-0.07371	0.13616	-0.01347	-0.20087	-0.08152	-0.05508	-0.14589	-0.01562	-0.11994	-0.09886	-0.02265	-0.11498	0.0484
"2,6-Dihydroxybenzoic acid  "	380	Dihydroxybenzoic_26	0.04967	0.11451	0.07105	0.14693	0.1145	-0.02357	0.06974	0.09218	0.02449	0.05151	0.10188	0.11327	0.20732	0.046	0.19169	0.13009	0.07347	0.0964	0.00264	0.03018	0.08652	-0.03154	0.08812	0.03973	0.14285	-0.02726	0.13161	-0.12082	0.03302	0.1071	-0.0206	0.09496	0.12361	0.06734	-0.06023	-0.10256
2-Hydroxybenzoic acid  	189	Hydroxybenzoic_2	0.17789	0.41595	-0.02376	0.16365	0.0251	-0.03774	0.07076	0.00841	0.08816	0.05636	0.18869	0.13593	0.58375	0.09931	0.42611	0.22884	0.31827	0.09213	0.01456	0.01365	0.07784	0.1437	0.38631	0.07875	0.12803	0.07324	0.1613	0.44221	0.16871	0.1686	-0.0237	0.06385	0.08856	0.01396	0.35559	0.45039
"3,5-Dihydroxybenzoic acid  "	418	Dihydroxybenzoic_35	0.10971	-0.05767	0.11497	0.00297	0.15354	-0.04694	0.11169	0.14921	0.03412	0.0702	0.197	0.13497	0.19684	0.05401	0.26552	0.23243	0.05327	0.15828	-0.00513	0.07142	0.0742	0.0299	0.13406	0.07922	0.04985	-0.01208	0.25071	-0.09651	0.06465	0.17078	-0.01206	0.15659	0.13035	0.05931	-0.06324	-0.14116
3-Hydroxybenzoic acid  	418	Hydroxybenzoic_3	0.10953	-0.05787	0.11484	0.00295	0.15378	-0.04732	0.11162	0.1491	0.03409	0.06991	0.19675	0.13501	0.19686	0.05384	0.26551	0.2323	0.05344	0.15851	-0.00489	0.0711	0.07435	0.02993	0.13434	0.07899	0.04962	-0.01237	0.25077	-0.09677	0.06446	0.17077	-0.01179	0.15692	0.13013	0.05956	-0.06355	-0.14136
4-Hydroxybenzoic acid  	22	Hydroxybenzoic	0.12244	0.39472	-0.04088	0.16977	0.0187	-0.01611	0.00829	-0.02294	0.0395	0.03672	0.17705	0.16092	0.51224	0.20135	0.35822	0.16031	0.32765	0.07417	-0.00428	-0.00189	0.10826	0.09496	0.40288	0.03441	0.18341	0.0392	0.10495	0.38417	0.11174	0.09578	-0.04957	0.03789	0.10919	0.03436	0.28417	0.41975
Gallic acid  	14	Gallic	0.14674	0.28057	0.1503	0.16084	0.11298	0.01067	-0.05839	0.16306	0.09979	0.13141	0.19445	0.12176	0.19614	0.08688	0.19136	0.1218	0.33706	0.07057	-0.01461	0.1278	0.20244	0.32903	0.35759	-0.00802	0.18735	0.19126	0.01239	0.37509	0.29581	0.0473	0.07792	0.19744	0.15152	0.07774	0.57838	0.38879
Benzoic acid  	427	Benzoic	0.0998	0.0354	-0.0039	0.05269	0.0836	0.00198	0.04393	-0.0044	-0.01659	-0.02	-0.05551	0.0084	0.03666	0.0225	0.0528	-0.02607	0.00894	0.13551	0.01228	-0.01923	0.07442	0.03828	0.00241	-0.01949	0.04677	0.01455	0.05609	0.08244	-0.02367	0.04511	0.09726	0.07698	-0.03939	-0.02832	0.02778	0.04953
Gentisic acid  	169	Gentisic	0.19613	0.45452	-0.00613	0.20114	-0.01285	-0.02477	0.05027	0.02483	0.11954	0.0374	0.17026	0.12839	0.47104	0.09234	0.36269	0.17847	0.4157	0.05162	0.02223	0.09849	0.04074	0.19848	0.34232	0.03472	0.12658	0.08921	0.10337	0.48685	0.18013	0.14219	0.01285	0.00127	0.08353	0.03257	0.41352	0.49798
Protocatechuic acid  	23	Protocatechuic	0.07483	0.58295	-0.11182	0.30302	-0.0889	0.10461	0.02125	-0.08195	0.12823	0.03029	0.04422	0.0558	0.54345	0.02935	0.26676	0.09055	0.28199	0.01702	0.0675	-0.03476	0.12864	0.03224	0.21307	0.06491	0.23654	0.08991	0.03789	0.39648	0.1829	0.04009	-0.05591	-0.06284	0.00952	-0.001	0.24101	0.39626
Syringic acid  	1	Syringic	0.16985	0.3692	0.08047	0.32133	0.04594	-0.03653	0.03832	0.11449	0.11476	-0.02323	0.10325	0.15208	0.30921	0.19259	0.20365	0.11763	0.34604	0.08207	0.05076	0.13349	0.09241	0.17659	0.22655	0.05596	0.24161	0.06366	0.08864	0.25655	0.16573	0.10862	-0.02274	0.03411	0.15845	0.09151	0.32185	0.27646
Vanillic acid  	2	Vanillic	0.18429	0.36606	0.08741	0.2218	0.10003	-0.02861	0.03605	0.11276	0.04306	-0.01055	0.16253	0.16731	0.36296	0.14205	0.31963	0.19385	0.33308	0.13054	0.0236	0.07451	0.07214	0.15766	0.33549	0.04939	0.19386	0.04004	0.16191	0.38426	0.15649	0.14458	-0.01772	0.0929	0.11342	0.00418	0.39635	0.37116
Ellagic acid  	146	Ellagic	0.14321	-0.01664	0.1503	0.05198	0.11576	-0.04826	0.04028	0.11386	0.0225	-0.01436	0.11987	0.13651	-0.05031	0.11688	0.07485	0.11224	0.20153	0.04719	-0.0671	-0.00969	0.03631	0.06991	0.17802	-0.10456	0.04916	0.01224	0.04242	0.07842	0.05348	0.07679	0.03619	0.18983	0.10968	0.14564	0.0623	-0.00059
Caffeic acid  	0	Caffeic	0.52309	0.00273	0.05279	0.11313	0.11286	-0.06281	0.4668	0.08283	0.10579	0.05052	0.3275	0.19955	0.03771	0.03327	0.15532	0.42151	0.24353	0.23694	-0.00578	0.05301	0.02904	0.10376	0.11709	-0.00117	0.03389	0.0587	0.47986	0.12397	0.00507	0.55261	0.06365	0.10203	0.08185	0.02041	0.10312	0.03761
p-Coumaric acid  	3	pCoumaric	0.18756	0.23346	0.15474	0.24621	0.10601	-0.02045	-0.02195	0.16695	0.0836	0.06421	0.19157	0.15077	0.1506	0.14047	0.14955	0.10792	0.4078	0.13674	-0.02499	0.18258	0.14305	0.30385	0.3885	-0.03714	0.23661	0.20844	0.10113	0.26628	0.20945	0.0967	-0.01749	0.1349	0.17071	0.0537	0.35351	0.26003
Avenanthramide 2c  	458	Avenanthramide_2c	0.01436	-0.04171	0.12271	0.00947	0.10303	0.0628	-0.04263	0.11674	0.02545	0.00744	0.00653	0.11198	-0.11084	0.02879	0.00328	-0.05474	0.01722	0.00597	0.09561	0.14945	0.12332	0.09901	-0.04229	0.05815	0.05674	0.07072	-0.03358	0.02304	0.11443	-0.03262	0.10042	0.13102	0.12574	0.09536	-0.00752	-0.00376
Avenanthramide 2p  	458	Avenanthramide_2p	0.01436	-0.04171	0.12271	0.00947	0.10303	0.0628	-0.04263	0.11674	0.02545	0.00744	0.00653	0.11198	-0.11084	0.02879	0.00328	-0.05474	0.01722	0.00597	0.09561	0.14945	0.12332	0.09901	-0.04229	0.05815	0.05674	0.07072	-0.03358	0.02304	0.11443	-0.03262	0.10042	0.13102	0.12574	0.09536	-0.00752	-0.00376
Caffeoyl aspartic acid 	419	Caffeoyl_aspartic	0.09224	0.03177	0.03123	0.05943	0.06783	-0.02873	0.01458	0.00451	-0.01833	-0.0111	-0.03606	-0.01896	0.01365	0.01452	0.0293	-0.03963	-0.04003	0.16425	-0.00431	-0.0038	0.06683	0.05251	0.01258	-0.01267	0.05852	0.02018	0.02621	0.08177	-0.02146	0.0136	0.127	0.07231	-0.02656	-0.01421	0.02602	0.02612
Cinnamic acid  	80	Cinnamic	-0.01715	0.26447	-0.04666	0.18456	-0.0799	0.09572	-0.05984	-0.08274	0.02371	-0.02741	-0.03751	0.07149	0.19207	0.08791	-0.02782	-0.08674	0.09107	-0.03844	0.00784	-0.09567	0.06267	-0.09949	0.04728	-0.06464	0.15745	0.01419	-0.10629	0.04606	-0.01453	-0.05576	-0.04731	-0.04369	0.01218	0.11808	-0.06344	0.07815
Hydroxycaffeic acid  	186	Hydroxycaffeic	-0.24176	0.35897	-0.27107	0.16024	-0.25582	0.1831	-0.1665	-0.29628	0.03512	-0.05586	-0.24755	-0.13271	0.36416	0.00743	-0.09685	-0.32083	-0.12298	-0.16457	0.06821	-0.15673	-0.01129	-0.17837	-0.07334	0.03634	0.11098	0.02475	-0.22973	0.06239	-0.04669	-0.22514	-0.02806	-0.27434	-0.2236	-0.06113	-0.09462	0.15706
m-Coumaric acid  	121	m_Coumaric	-0.087	0.38638	-0.10614	0.2603	-0.08924	0.08471	-0.02	-0.09342	0.01978	0.02793	-0.04921	0.01251	0.45594	0.04345	0.12175	-0.06213	0.0356	-0.00272	0.04226	-0.08337	0.06172	-0.13163	0.06247	0.06421	0.22463	0.00649	-0.00395	-0.02086	-0.02048	-0.04373	-0.04137	-0.08239	-0.06876	-0.00374	-0.02698	0.07785
o-Coumaric acid  	170	o_Coumaric	0.13601	0.52133	0.02426	0.28796	0.01753	0.01977	0.05668	0.05618	0.04452	0.0694	0.12939	0.11586	0.54545	0.10932	0.30935	0.16293	0.30003	0.0676	0.02635	0.0203	0.12313	0.03479	0.2677	0.06603	0.2304	0.07726	0.11818	0.28812	0.12172	0.13054	-0.00409	0.05366	0.11313	0.05575	0.2577	0.32547
Ferulic acid	0	Ferulic	0.36821	-0.13073	0.30226	0.0265	0.23174	-0.06829	0.23537	0.30394	0.02811	0.01964	0.23255	0.18402	-0.10769	-0.02134	0.14179	0.27425	0.16275	0.26026	-0.00485	0.10128	0.01156	0.10424	0.05624	0.0403	0.01882	0.01659	0.398	-0.01006	0.01965	0.34407	0.06928	0.28248	0.16656	0.00365	0.07004	-0.12619
Sinapic acid  	41	Sinapic	0.12818	0.42698	-0.01156	0.25026	-0.01399	-0.00077	0.01074	0.02022	0.0813	0.07689	0.12391	0.09654	0.35276	0.06978	0.20723	0.09991	0.23425	0.07098	0.02295	0.02112	0.09192	0.0451	0.18396	0.03713	0.16433	0.06927	0.08572	0.24919	0.13539	0.0776	-0.02206	-0.02631	0.11766	0.09205	0.20544	0.26618
Avenanthramide 2f  	457	Avenanthramide_2f	0.01423	-0.05688	0.13344	-0.00834	0.10425	0.05905	-0.04267	0.13039	0.01616	0.01764	0.01207	0.10634	-0.11982	0.03735	-0.0068	-0.0459	0.00796	0.00775	0.08053	0.14242	0.11911	0.10343	-0.04326	0.05188	0.03907	0.06842	-0.03659	0.01772	0.11412	-0.03148	0.10437	0.13521	0.13696	0.10927	-0.01155	-0.00748
Isoferulic acid  	282	Isoferulic	0.02372	0.13065	-0.09701	0.06938	-0.03959	-0.02787	0.00774	-0.10087	-0.02217	-0.00776	0.01886	0.01136	0.16888	0.15014	0.03689	-0.01164	0.07261	-0.07689	-0.08051	-0.06052	-0.01689	0.02721	0.08273	-0.11654	0.09628	-0.04014	-0.05289	0.07746	0.03263	0.03173	0.02732	-0.00712	0.03973	0.00764	0.0841	0.12709
5-5'-Dehydrodiferulic acid  	421	Dehydrodiferulic_55	0.03354	0.02264	0.12351	-0.01723	0.0825	0.07514	0.0624	0.09794	0.04368	0.09968	0.0202	-0.00632	0.01687	0.09489	0.0257	-0.01087	0.03576	0.09458	0.08601	0.08601	0.11276	0.05707	0.01482	0.02723	-0.02918	0.14598	0.02251	-0.01858	0.14227	-0.04276	-0.09049	0.01535	0.13004	0.11825	-0.04911	-0.01201
5-8'-Dehydrodiferulic acid  	421	Dehydrodiferulic	0.0329	0.02089	0.12256	-0.01933	0.08346	0.07474	0.06158	0.09697	0.04224	0.0981	0.01929	-0.00644	0.01668	0.09555	0.02396	-0.0111	0.03429	0.09455	0.08548	0.08508	0.11289	0.05706	0.01452	0.02575	-0.03134	0.14491	0.02117	-0.01953	0.14119	-0.04244	-0.09142	0.0165	0.129	0.11743	-0.05086	-0.01298
8-O-4'-Dehydrodiferulic acid  	421	Dehydrodiferulic_84	0.03421	0.02153	0.12503	-0.01771	0.08143	0.07424	0.06277	0.10014	0.04426	0.09977	0.02215	-0.00551	0.01653	0.09428	0.02453	-0.00982	0.03637	0.09547	0.08469	0.08591	0.11184	0.05838	0.01632	0.02694	-0.03132	0.14563	0.02382	-0.0183	0.14228	-0.04054	-0.09191	0.01524	0.1327	0.11999	-0.04938	-0.01198
"3,4-Dihydroxyphenylacetic acid  "	381	Dihydroxyphenylacetic_34	-0.12349	0.36962	-0.14538	0.26668	-0.12535	0.05667	-0.09027	-0.16137	0.00103	-0.00671	-0.12128	-0.03863	0.17905	0.00883	-0.05893	-0.1436	0.04167	-0.07998	0.01955	-0.06942	0.05902	-0.10811	-0.02408	-0.01863	0.19697	-0.03082	-0.15483	-0.03114	-0.04315	-0.09713	-0.01852	-0.13181	-0.07332	-0.01042	-0.05034	0.07933
4-Hydroxyphenylacetic acid  	61	Hydroxyphenylacetic_4	0.06292	0.65686	-0.16718	0.28096	-0.11297	0.05569	0.01	-0.12584	0.07568	0.03508	0.10647	0.05743	0.69577	0.12286	0.34361	0.09006	0.29352	0.01423	0.03768	-0.04156	0.05644	0.05149	0.34413	0.05622	0.19872	0.07924	0.03057	0.45363	0.1084	0.0659	-0.06759	-0.10087	0.01265	0.00353	0.36654	0.54805
Homovanillic acid  	118	Homovanillic	-0.10547	0.36288	-0.1326	0.24248	-0.09368	0.10109	-0.03077	-0.125	0.04688	0.02648	-0.03383	0.02261	0.46783	0.05756	0.13101	-0.07535	0.01262	-0.00859	0.06428	-0.07739	0.0548	-0.1314	0.05517	0.09109	0.21221	0.0157	-0.00093	-0.02835	-0.01574	-0.04603	-0.02423	-0.11248	-0.06981	0.00831	-0.06444	0.07274
Homoveratric acid  	438	Homoveratric	-0.06789	0.29851	-0.06505	0.25239	-0.05702	0.04923	-0.04569	-0.05979	0.00765	-0.00709	-0.1179	-0.00478	0.073	0.01408	-0.07005	-0.11789	0.0596	-0.05862	0.01814	-0.0479	0.05972	-0.10711	-0.06533	-0.047	0.18249	-0.00345	-0.13518	-0.06499	-0.02583	-0.07144	-0.03351	-0.07564	0.04508	0.04902	-0.04248	0.02194
Dihydro-p-coumaric acid  	430	Dihydro_p_coumaric	-0.04957	0.34327	-0.08782	0.29337	-0.05612	0.05161	-0.03832	-0.09454	0.01996	-0.01064	-0.08206	0.01802	0.11572	0.04661	-0.05186	-0.11003	0.07822	-0.05194	0.03894	-0.01708	0.07243	-0.10421	-0.04079	-0.00527	0.22419	-0.00562	-0.08656	-0.06336	-0.02937	-0.03904	-0.04673	-0.09836	0.05219	0.03996	-0.03479	0.01414
Piceatannol   	237	Piceatannol	0.10274	0.50305	-0.11981	0.17061	-0.07468	-0.00239	-0.01465	-0.10096	0.04623	-0.00847	0.08033	0.07746	0.43844	0.07414	0.28241	0.08207	0.32723	-0.02139	0.01697	-0.02044	0.01852	0.15681	0.3409	0.02485	0.10411	0.08131	-0.01671	0.60125	0.15874	0.04774	-0.04281	-0.06851	0.01455	-0.02177	0.48307	0.66702
Resveratrol   	82	Resveratrol	0.15729	0.48976	-0.09435	0.1792	-0.06346	-0.01726	-0.02667	-0.09693	0.0435	-0.02622	0.10282	0.10176	0.43436	0.11788	0.28682	0.10479	0.36191	0.06238	0.00854	-0.0472	0.05481	0.1827	0.41083	-0.00724	0.14099	0.07085	-0.00384	0.63364	0.12755	0.06413	0.03428	-0.00832	0.02971	-0.0114	0.46912	0.64313
d-Viniferin   	262	dViniferin	0.08205	0.49808	-0.15662	0.1569	-0.1034	-0.00153	-0.01898	-0.13879	0.0439	-0.03109	0.04491	0.05578	0.43054	0.09245	0.25193	0.04416	0.30901	-0.04226	0.02464	-0.02953	0.01654	0.14511	0.31976	0.01791	0.0838	0.07324	-0.04211	0.59737	0.1297	0.036	-0.03897	-0.10494	-0.0397	-0.03776	0.46	0.68819
Pallidol   	275	Pallidol	0.0587	0.54474	-0.19069	0.19513	-0.15139	-0.00415	-0.03914	-0.17223	0.07086	-0.01759	0.02155	0.02298	0.4936	0.10742	0.25741	0.0268	0.3102	-0.04864	0.01278	-0.03979	0.0147	0.14909	0.35761	0.01718	0.11072	0.09781	-0.07148	0.63963	0.13752	0.01429	-0.03244	-0.1272	-0.06003	-0.05376	0.47675	0.732
1-Acetoxypinoresino   	120	Acetoxypinoresinol	-0.26064	0.3877	-0.29504	0.18425	-0.27161	0.19337	-0.16007	-0.32557	0.02361	-0.04613	-0.26566	-0.12727	0.36886	0.01718	-0.09621	-0.31911	-0.12389	-0.1711	0.07567	-0.17063	-0.00517	-0.19929	-0.08446	0.05041	0.13026	0.00689	-0.24895	0.0463	-0.08022	-0.23111	-0.01292	-0.28454	-0.26049	-0.08941	-0.09008	0.17284
7-Hydroxymatairesinol   	385	Hydroxymatairesinol	0.09694	0.01401	0.03518	0.04207	0.08992	0.00119	0.00786	0.02966	-0.00112	0.00906	0.09939	0.15599	-0.0308	0.0867	0.00819	0.04503	0.13518	0.09344	-0.0059	-0.00767	0.11223	0.00443	0.15526	-0.08818	0.06876	-0.00084	0.01351	0.02489	0.02293	0.03837	-0.06675	0.15077	0.1099	0.17999	-0.07173	-0.00768
7-Hydroxysecoisolariciresinol   	460	Hydroxysecoisolariciresinol	0.03813	0.03302	0.0255	0.05903	0.10486	0.03797	0.04717	0.04373	-0.02412	0.06612	0.00879	0.11165	0.00669	0.07508	-0.0013	-0.0326	0.00819	0.03636	0.02843	0.05258	0.06944	-0.01307	-0.03182	-0.01836	0.05588	0.04012	0.00599	-0.0575	0.07649	0.03048	-0.00776	0.12855	0.11769	0.14321	-0.08205	-0.02948
7-Oxomatairesinol   	395	Oxomatairesinol	0.09535	0.01632	0.01325	0.02937	0.10126	0.00469	0.02544	0.01887	0.02289	-0.00846	0.0948	0.14527	-0.01427	0.09386	0.00788	0.0588	0.13763	0.07368	0.00543	0.00148	0.10461	0.01176	0.14794	-0.07252	0.03301	-0.00971	0.02857	0.02814	0.03856	0.05881	-0.08942	0.15052	0.0955	0.15648	-0.08066	-0.01275
Arctigenin   	329	Arctigenin	0.0997	-0.03427	0.054	0.02437	0.08677	-0.0438	0.03428	0.03449	-0.00098	-0.02442	0.1088	0.17348	-0.07374	0.08077	0.00861	0.07256	0.11557	0.09089	-0.05804	-0.02304	0.09231	0.02619	0.15273	-0.10991	0.06792	-0.01894	0.00664	0.03829	-0.00302	0.04069	-0.04251	0.13279	0.12128	0.17242	-0.03909	-0.0346
Conidendrin   	329	Conidendrin	0.0997	-0.03427	0.054	0.02437	0.08677	-0.0438	0.03428	0.03449	-0.00098	-0.02442	0.1088	0.17348	-0.07374	0.08077	0.00861	0.07256	0.11557	0.09089	-0.05804	-0.02304	0.09231	0.02619	0.15273	-0.10991	0.06792	-0.01894	0.00664	0.03829	-0.00302	0.04069	-0.04251	0.13279	0.12128	0.17242	-0.03909	-0.0346
Cyclolariciresinol   	327	Cyclolariciresinol	0.10091	-0.04011	0.06793	0.01947	0.09119	-0.05689	0.02797	0.04748	0.00389	-0.02351	0.11379	0.16535	-0.07682	0.08252	0.00219	0.07146	0.12796	0.08682	-0.06946	-0.01782	0.09242	0.0308	0.15137	-0.11426	0.06017	-0.025	0.00762	0.04261	-0.00287	0.04302	-0.03207	0.13888	0.13125	0.17159	-0.03035	-0.0295
Dimethylmatairesinol   	460	Dimethylmatairesinol	0.03832	0.03314	0.02552	0.05918	0.10472	0.03803	0.0473	0.04373	-0.02396	0.06605	0.00874	0.11167	0.00668	0.07521	-0.00141	-0.03255	0.0082	0.03655	0.02842	0.05248	0.0694	-0.01301	-0.0321	-0.01849	0.05598	0.04019	0.00607	-0.0575	0.07646	0.03075	-0.00777	0.12853	0.11752	0.14312	-0.08204	-0.02947
Episesamin   	464	Episesamin	-0.05528	-0.03745	-0.05466	-0.09299	-0.01392	-0.03853	0.03067	-0.0894	-0.06776	-0.03006	-0.04364	-0.08215	-0.01264	0.03551	-0.07865	-0.03803	0.01434	-0.06319	-0.10067	-0.08657	-0.07172	-0.03432	0.00801	-0.13694	-0.02081	-0.00139	-0.06037	0.01888	-0.05747	-0.05725	-0.08213	-0.06701	-0.00509	0.00969	0.00606	0.02778
Episesaminol   	464	Episesaminol	-0.05528	-0.03745	-0.05466	-0.09299	-0.01392	-0.03853	0.03067	-0.0894	-0.06776	-0.03006	-0.04364	-0.08215	-0.01264	0.03551	-0.07865	-0.03803	0.01434	-0.06319	-0.10067	-0.08657	-0.07172	-0.03432	0.00801	-0.13694	-0.02081	-0.00139	-0.06037	0.01888	-0.05747	-0.05725	-0.08213	-0.06701	-0.00509	0.00969	0.00606	0.02778
Isohydroxymatairesinol   	460	Isohydroxymatairesinol	0.03832	0.03314	0.02552	0.05918	0.10472	0.03803	0.0473	0.04373	-0.02396	0.06605	0.00874	0.11167	0.00668	0.07521	-0.00141	-0.03255	0.0082	0.03655	0.02842	0.05248	0.0694	-0.01301	-0.0321	-0.01849	0.05598	0.04019	0.00607	-0.0575	0.07646	0.03075	-0.00777	0.12853	0.11752	0.14312	-0.08204	-0.02947
Isolariciresinol   	251	Isolariciresinol	0.10088	0.51639	-0.14086	0.16443	-0.08881	0.00407	-0.01837	-0.11824	0.05237	-0.01081	0.06652	0.06787	0.46631	0.07822	0.28488	0.0793	0.33747	-0.02903	0.02187	-0.028	0.02344	0.15072	0.33653	0.02294	0.08827	0.0769	-0.01996	0.58962	0.14296	0.04751	-0.03571	-0.08338	-0.00974	-0.03073	0.47524	0.66318
Lariciresinol   	0	Lariciresinol	0.11983	0.24781	0.04745	0.25452	0.1056	0.1403	0.03297	0.0688	0.23581	0.0805	0.04031	0.17774	0.12201	0.0531	0.07757	-0.01425	0.16114	0.08197	0.26821	0.16963	0.25682	0.03106	0.04964	0.19982	0.19628	0.08517	0.1102	0.14721	0.1641	0.06927	0.08592	0.05297	0.07934	0.20524	0.04078	0.11884
Lariciresinol-sesquilignan   	326	Lariciresinol_sesquilignan	0.09946	-0.03634	0.06448	0.01972	0.08156	-0.06617	0.02384	0.04465	0.00709	-0.03382	0.11359	0.16251	-0.07267	0.07182	0.00104	0.07688	0.13209	0.08521	-0.0743	-0.03077	0.08654	0.03066	0.16323	-0.11459	0.05752	-0.03252	0.00695	0.05534	-0.01271	0.04019	-0.04063	0.13321	0.12133	0.16002	-0.01992	-0.0277
Matairesinol   	0	Matairesinol	0.22902	0.24238	0.24844	0.20202	0.18785	0.03827	0.06273	0.28866	0.13115	0.10653	0.19383	0.21396	0.16604	0.01941	0.24491	0.20359	0.33843	0.17094	0.05671	0.17804	0.21616	0.24766	0.27397	0.0406	0.19387	0.13639	0.18692	0.287	0.26893	0.17069	0.0581	0.2307	0.19205	0.06472	0.47921	0.25699
Medioresinol   	7	Medioresinol	0.02883	0.194	0.07032	0.18566	0.01266	0.15501	-0.01276	0.05432	0.27548	0.07544	0.00642	0.16011	0.12789	0.09974	0.04531	-0.02967	0.17106	-0.00434	0.26246	0.07504	0.19259	-0.01095	0.05338	0.22125	0.1479	0.03457	0.07002	0.15207	0.12654	0.03458	-0.04336	0.03294	0.10191	0.19413	-0.00387	0.14092
Nortrachelogenin   	460	Nortrachelogenin	0.03825	0.0331	0.02554	0.05909	0.10475	0.03803	0.0472	0.04373	-0.02408	0.06604	0.00878	0.11169	0.0067	0.07515	-0.00139	-0.03257	0.0082	0.03647	0.02843	0.05252	0.06938	-0.01304	-0.03197	-0.01849	0.05588	0.04016	0.006	-0.05751	0.07643	0.03062	-0.00772	0.12852	0.11761	0.14316	-0.082	-0.02947
Pinoresinol   	0	Pinoresinol	0.03082	0.33198	-0.04483	0.21261	-0.00504	0.1722	-0.02378	-0.03335	0.13802	0.06752	-0.01986	0.10735	0.21554	0.0945	0.01413	-0.09662	0.14266	-0.05826	0.10829	0.00798	0.20531	-0.04127	0.10997	0.00951	0.14478	0.08174	-0.05587	0.14164	0.13454	-0.02245	0.03181	-0.02953	0.1234	0.23359	0.0406	0.15817
Secoisolariciresinol   	0	Secoisolariciresinol	0.44431	0.06669	0.33083	0.11866	0.29598	0.06539	0.22334	0.36102	0.18633	0.16447	0.38936	0.31956	0.08852	0.11339	0.31059	0.40451	0.36914	0.26928	0.0716	0.22724	0.24235	0.2653	0.31416	0.05854	0.12566	0.16835	0.37491	0.17013	0.28349	0.36502	0.05061	0.30904	0.29455	0.22192	0.37094	0.09597
Secoisolariciresinol-sesquilignan   	327	Seco_sesquilignan	0.10308	-0.03994	0.06879	0.01779	0.08431	-0.06585	0.02728	0.04808	0.00745	-0.03152	0.12037	0.15931	-0.07551	0.07584	0.00391	0.08024	0.1395	0.08915	-0.07764	-0.02233	0.08601	0.0335	0.16578	-0.11984	0.0562	-0.02888	0.00909	0.05471	-0.01373	0.04452	-0.03684	0.13072	0.12195	0.159	-0.01712	-0.02426
Sesamin   	449	Sesamin	-0.00925	0.00101	-0.01839	-0.01695	0.07634	0.00277	0.05682	-0.0278	-0.06332	0.0292	-0.02336	0.02878	-0.00254	0.08253	-0.05404	-0.05012	0.01634	-0.01388	-0.04631	-0.0189	0.00646	-0.03382	-0.01935	-0.10615	0.02888	0.02915	-0.03599	-0.02928	0.01913	-0.01568	-0.06175	0.05999	0.08013	0.11613	-0.06336	-0.00328
Sesaminol   	449	Sesaminol	-0.00884	0.00121	-0.01837	-0.01656	0.07687	0.00292	0.05668	-0.02748	-0.06316	0.02894	-0.02287	0.02959	-0.00232	0.08325	-0.05381	-0.04963	0.01669	-0.0132	-0.04607	-0.01877	0.00669	-0.03392	-0.01961	-0.10583	0.02915	0.02914	-0.03562	-0.02934	0.01984	-0.01532	-0.06179	0.06031	0.08074	0.11706	-0.06324	-0.00344
Sesamol   	464	Sesamol	-0.05528	-0.03745	-0.05466	-0.09299	-0.01392	-0.03853	0.03067	-0.0894	-0.06776	-0.03006	-0.04364	-0.08215	-0.01264	0.03551	-0.07865	-0.03803	0.01434	-0.06319	-0.10067	-0.08657	-0.07172	-0.03432	0.00801	-0.13694	-0.02081	-0.00139	-0.06037	0.01888	-0.05747	-0.05725	-0.08213	-0.06701	-0.00509	0.00969	0.00606	0.02778
Sesamolin   	449	Sesamolin	-0.00849	0.00143	-0.01809	-0.01605	0.07696	0.0031	0.05641	-0.02705	-0.06327	0.02904	-0.02261	0.03034	-0.00238	0.08379	-0.05355	-0.04956	0.01642	-0.01293	-0.04612	-0.01851	0.00677	-0.03405	-0.01982	-0.10535	0.02949	0.0292	-0.03528	-0.02961	0.02019	-0.01503	-0.06144	0.0606	0.08095	0.1175	-0.06385	-0.00364
Sesamolinol   	464	Sesamolinol	-0.05528	-0.03745	-0.05466	-0.09299	-0.01392	-0.03853	0.03067	-0.0894	-0.06776	-0.03006	-0.04364	-0.08215	-0.01264	0.03551	-0.07865	-0.03803	0.01434	-0.06319	-0.10067	-0.08657	-0.07172	-0.03432	0.00801	-0.13694	-0.02081	-0.00139	-0.06037	0.01888	-0.05747	-0.05725	-0.08213	-0.06701	-0.00509	0.00969	0.00606	0.02778
Syringaresinol   	3	Syringaresinol	-0.0588	0.1295	0.0822	0.15441	-0.00844	0.09356	-0.0092	0.06399	0.28268	0.07571	-0.09501	0.02857	0.12332	-0.05342	0.05578	-0.05929	0.05585	-0.08717	0.23267	0.03918	0.09082	-0.04	-0.04793	0.25773	0.08382	0.00826	0.06543	0.10092	0.06198	-0.02093	-0.05204	-0.00593	0.02331	0.13519	0.03309	0.10116
Todolactol A  	460	Todolactol_A	0.03832	0.03314	0.02552	0.05918	0.10472	0.03803	0.0473	0.04373	-0.02396	0.06605	0.00874	0.11167	0.00668	0.07521	-0.00141	-0.03255	0.0082	0.03655	0.02842	0.05248	0.0694	-0.01301	-0.0321	-0.01849	0.05598	0.04019	0.00607	-0.0575	0.07646	0.03075	-0.00777	0.12853	0.11752	0.14312	-0.08204	-0.02947
4-Ethylguaiacol   	65	Ethylguaiacol_4	0.50025	-0.04378	0.05092	0.04906	0.08926	-0.11458	0.45801	0.07927	0.07637	0.03161	0.3105	0.16352	0.02227	0.00027	0.14941	0.413	0.17054	0.2263	-0.02024	0.01116	-0.0304	0.04808	0.06986	-0.00758	-0.03289	0.00623	0.48403	0.09962	-0.06131	0.56039	0.05664	0.08616	0.07573	0.00118	0.08146	0.0081
4-Vinylguaiacol   	54	Vinylguaiacol_4	0.47919	-0.04893	0.06573	0.03347	0.13082	-0.11917	0.43918	0.12015	0.07133	0.05671	0.35316	0.18444	0.07054	-0.00785	0.22902	0.45765	0.16856	0.2472	-0.03532	0.02729	-0.0058	0.05078	0.09974	0.00778	-0.01708	0.00278	0.51949	0.05839	-0.03602	0.55106	0.04023	0.13122	0.10893	0.02076	0.07628	-0.02625
4-Vinylsyringol   	200	Vinylsyringol_4	0.12221	-0.26388	0.1704	-0.12424	0.19897	-0.11877	0.07238	0.15206	-0.05416	-0.04545	0.08737	0.00106	-0.19109	0.03677	0.00833	0.19147	-0.01921	0.18313	-0.01542	0.04967	-0.06427	0.06943	-0.0343	-0.01236	-0.11159	-0.10377	0.16057	-0.09635	0.00472	0.11625	-0.03206	0.13821	0.06452	0.00628	-0.00941	-0.17314
3-Methylcatechol   	55	Methylcatechol_3	0.50056	-0.04654	0.05012	0.04681	0.09321	-0.11342	0.45558	0.08075	0.08033	0.03424	0.31478	0.16523	0.02257	0.0013	0.15474	0.41494	0.16996	0.22975	-0.01858	0.01231	-0.02374	0.05095	0.07085	-0.00498	-0.03164	0.00985	0.48991	0.09513	-0.05743	0.56131	0.05739	0.08813	0.07564	-0.0016	0.08259	0.00479
4-Ethylcatechol   	57	Ethylcatechol_4	0.50072	-0.0454	0.04963	0.04753	0.09175	-0.11269	0.45608	0.08077	0.0793	0.03572	0.31609	0.1662	0.02443	0.00125	0.15615	0.41527	0.17034	0.22982	-0.01819	0.01284	-0.02346	0.05083	0.07242	-0.00376	-0.03038	0.01057	0.49061	0.09613	-0.05704	0.56199	0.05719	0.08748	0.07637	-0.0016	0.08323	0.00565
4-Methylcatechol   	63	Methylcatechol_4	0.50446	-0.0474	0.05455	0.04788	0.09196	-0.11256	0.45906	0.08311	0.07747	0.03369	0.313	0.16407	0.01832	0.00219	0.15047	0.41416	0.16957	0.22843	-0.01865	0.01305	-0.02609	0.05239	0.06961	-0.00648	-0.03308	0.00875	0.48677	0.09708	-0.05824	0.5621	0.05843	0.088	0.07624	0.00079	0.07925	0.00522
4-Vinylphenol   	417	Vinylphenol_4	0.11132	-0.0546	0.11121	0.01137	0.15069	-0.04355	0.10511	0.14288	0.04022	0.07807	0.20082	0.13476	0.18779	0.06492	0.26891	0.22367	0.05456	0.15067	0.00048	0.07841	0.08226	0.03878	0.13598	0.08562	0.05782	-0.00997	0.24515	-0.09283	0.07459	0.17031	-0.00985	0.1576	0.13863	0.06252	-0.04591	-0.14054
5-Heneicosenylresorcinol   	395	Heneicosenylresorcinol_5	0.02574	-0.04982	0.24901	-0.01941	0.08957	-0.01095	-0.04887	0.19912	-0.00035	0.01676	-0.02513	0.04432	-0.03143	-0.02314	-0.00706	0.00775	0.04818	0.02828	0.04326	0.0226	-0.02334	-0.00282	0.00936	0.03774	-0.03118	-0.05346	0.05744	0.00735	0.02917	0.01642	0.10046	0.08013	0.03338	0.01813	0.00692	0.01985
5-Heneicosylresorcinol   	13	Heneicosylresorcinol_5	0.09612	-0.13663	0.52355	0.02473	0.18186	-0.04191	0.08028	0.4868	0.0426	0.09612	0.05103	0.00106	-0.10305	-0.08952	0.02065	0.1522	0.03688	0.07214	0.04055	0.10273	-0.00824	0.01071	-0.03018	0.02049	0.00654	-0.00858	0.17598	-0.16759	0.03692	0.12764	0.01533	0.20539	0.208	0.15184	-0.07226	-0.20536
5-Heptadecylresorcinol   	86	Heptadecylresorcinol_5	0.12286	-0.11915	0.4832	0.05651	0.17235	-0.04743	0.09855	0.45165	0.02095	0.05301	0.07946	0.05215	-0.1166	-0.0701	0.04689	0.1689	0.04147	0.12219	0.04346	0.13477	0.02004	0.04733	-0.01647	0.03296	0.05946	-0.01217	0.18234	-0.11896	0.03664	0.14479	0.07287	0.20347	0.16181	0.05221	-0.04564	-0.2163
5-Nonadecenylresorcinol   	72	Nonadecenylresorcinol_5	0.23338	-0.11335	0.33826	0.04788	0.25741	-0.04736	0.08539	0.32518	0.02407	-0.00881	0.14854	0.17248	-0.12742	0.02132	0.09641	0.20053	0.13583	0.26989	0.03381	0.17252	0.03112	0.13843	0.07755	0.04288	0.05534	0.00142	0.22654	-0.00802	0.05343	0.19335	0.12818	0.24594	0.11808	-0.01325	0.08967	-0.09579
5-Nonadecylresorcinol   	13	Nonadecylresorcinol_5	0.11505	-0.17307	0.54545	0.00713	0.20971	-0.04944	0.08369	0.51174	0.04124	0.10163	0.07316	0.02733	-0.13998	-0.08021	0.02274	0.16978	0.04518	0.08673	0.03085	0.12686	-0.00018	0.03464	-0.02318	0.01648	-0.00333	0.00004	0.18276	-0.17751	0.05409	0.14006	0.01902	0.23739	0.23345	0.16054	-0.06637	-0.22989
5-Pentacosenylresorcinol   	395	Pentacosenylresorcinol_5	0.0258	-0.04989	0.24891	-0.01946	0.08954	-0.0111	-0.0488	0.19904	-0.00031	0.01676	-0.02505	0.04436	-0.03149	-0.02307	-0.00701	0.00783	0.04819	0.02826	0.04323	0.02264	-0.02335	-0.00281	0.00939	0.03775	-0.03122	-0.05355	0.05748	0.00739	0.02911	0.0165	0.10037	0.0801	0.0334	0.01811	0.00687	0.01983
5-Pentacosylresorcinol   	179	Pentacosylresorcinol_5	0.15084	-0.25013	0.55253	-0.05989	0.26297	-0.0598	0.06568	0.53834	-0.00171	0.11245	0.10406	0.06358	-0.21212	-0.06764	0.0169	0.19758	0.04623	0.07686	-0.01167	0.1418	0.01252	0.05896	-0.02211	-0.01945	-0.05146	0.03162	0.19582	-0.20953	0.09098	0.15752	0.02624	0.29741	0.28261	0.17615	-0.05492	-0.26595
5-Pentadecylresorcinol   	395	Pentadecylresorcinol_5	0.00662	-0.08007	0.2181	-0.04149	0.07612	0.00045	-0.06169	0.16554	-0.00343	0.02518	-0.04215	0.06077	-0.07007	-0.02177	-0.0142	-0.02316	0.02754	0.02079	0.04248	0.02425	0.00036	0.00006	-0.01886	0.03246	-0.02862	-0.03507	0.02906	0.00292	0.04234	-0.02247	0.12163	0.06463	0.02685	0.02	0.01073	-0.01662
5-Tricosenylresorcinol   	395	Tricosenylresorcinol_5	0.02569	-0.04947	0.2492	-0.01922	0.08955	-0.01071	-0.04905	0.19934	-0.00039	0.01682	-0.02515	0.04426	-0.03102	-0.02338	-0.00705	0.00774	0.04844	0.02814	0.04325	0.02244	-0.02307	-0.00279	0.00958	0.03782	-0.03099	-0.05311	0.05746	0.00726	0.02937	0.01629	0.10031	0.08016	0.03348	0.01819	0.00727	0.02015
5-Tricosylresorcinol   	86	Tricosylresorcinol_5	0.10324	-0.1113	0.49311	0.05135	0.1676	-0.04475	0.08547	0.4574	0.02253	0.05833	0.0582	0.02542	-0.09841	-0.08779	0.03261	0.15344	0.03772	0.09157	0.04841	0.11327	0.00709	0.02567	-0.02768	0.02501	0.05288	-0.0177	0.17691	-0.1315	0.02377	0.12791	0.05495	0.19199	0.15954	0.06729	-0.05804	-0.20299
Bergapten   	315	Bergapten	-0.00964	0.15912	-0.09311	0.01749	-0.01762	0.20678	-0.04127	-0.09369	-0.01675	0.02724	-0.05226	0.12314	0.09681	0.00586	0.07428	-0.10644	0.08686	-0.03564	0.13828	-0.03798	0.10656	-0.08438	0.01869	0.03775	-0.01369	0.06664	-0.03938	0.089	0.06243	-0.07045	-0.02969	-0.07273	-0.04498	0.02114	0.11695	0.1618
Isopimpinellin   	316	Isopimpinellin	-0.01792	0.16663	-0.10577	0.02262	-0.01981	0.20157	-0.03144	-0.10312	-0.01258	0.01645	-0.06022	0.12896	0.1037	-0.00005	0.0826	-0.10134	0.08471	-0.04251	0.12793	-0.04475	0.09209	-0.09353	0.01294	0.03907	-0.01241	0.06243	-0.03708	0.09351	0.0551	-0.06792	-0.03046	-0.07597	-0.053	0.02588	0.10264	0.16335
Psoralen   	316	Psoralen	-0.01713	0.16557	-0.10404	0.01993	-0.01931	0.20277	-0.03303	-0.10179	-0.01377	0.01754	-0.05974	0.13077	0.10311	0.00208	0.08214	-0.10023	0.08628	-0.04393	0.12607	-0.04471	0.09305	-0.09238	0.01381	0.03732	-0.01355	0.06305	-0.03805	0.09134	0.05526	-0.0688	-0.03036	-0.07432	-0.04965	0.02902	0.10235	0.16306
4-Hydroxybenzaldehyde   	279	Hydroxybenzaldehyde	0.03051	0.12599	-0.08918	0.06898	-0.03704	-0.03017	0.01191	-0.09504	-0.0215	-0.01109	0.01926	0.01577	0.17084	0.15354	0.04102	-0.00954	0.07171	-0.07465	-0.07443	-0.05467	-0.01505	0.02607	0.07658	-0.11108	0.09406	-0.04303	-0.04708	0.07924	0.02885	0.036	0.02778	-0.0023	0.04726	0.01674	0.08818	0.12299
Protocatechuic aldehyde  	156	Protocatechuic_aldehyde	0.12123	0.55136	-0.16156	0.18998	-0.11332	0.01545	0.01373	-0.13787	0.06706	0.00957	0.08029	0.03681	0.49586	0.09437	0.2653	0.09677	0.30606	-0.05532	0.00221	-0.02594	0.02442	0.11649	0.31141	-0.02091	0.12364	0.05513	-0.01599	0.51378	0.12243	0.07799	-0.02025	-0.09741	0.00003	-0.02234	0.4078	0.58384
p-Anisaldehyde   	414	p_Anisaldehyde	0.19014	-0.14028	0.32305	-0.01423	0.24248	0.0836	0.10374	0.30999	-0.01692	0.09682	0.14151	0.1082	-0.27543	-0.03928	-0.0172	0.1491	0.05661	0.18252	0.02025	0.15942	0.08396	0.09484	-0.05351	0.03465	0.03022	0.09895	0.08507	-0.04821	0.12814	0.10807	0.08929	0.23993	0.21248	0.16197	0.02388	-0.11139
Syringaldehyde   	164	Syringaldehyde	0.05083	0.40743	-0.16304	0.138	-0.13299	-0.03979	-0.01187	-0.15377	0.02074	-0.06612	-0.00975	0.04846	0.39331	0.15608	0.17899	0.00859	0.24202	-0.07587	-0.00995	-0.05393	0.00106	0.09443	0.28491	-0.02269	0.11725	0.02482	-0.04707	0.46326	0.09299	0.01834	-0.0596	-0.08862	-0.03969	-0.05281	0.38333	0.57605
Vanillin   	108	Vanillin	0.13736	0.17521	-0.01895	0.1175	0.09534	-0.03552	0.10016	0.00178	0.01103	0.04734	0.13065	0.12055	0.30234	0.12765	0.22658	0.14417	0.12612	0.08149	-0.01301	-0.05929	0.08601	0.00677	0.11074	0.00566	0.14784	-0.03303	0.17831	0.03531	0.02704	0.13831	0.00644	0.11201	0.1181	0.04379	0.01027	0.04636
"2,3-Dihydroxy-1-guaiacylpropanone   "	416	Dihydroxy_guaiacylpropanone	0.10793	-0.05662	0.09858	-0.00546	0.15371	-0.03527	0.11128	0.14038	0.03039	0.06655	0.20181	0.14169	0.19348	0.07064	0.26285	0.22822	0.05117	0.16873	-0.00718	0.06011	0.07801	0.02333	0.13118	0.07285	0.05554	-0.00469	0.24402	-0.09792	0.07308	0.15142	-0.02077	0.15651	0.11685	0.06892	-0.06068	-0.15073
3-Methoxyacetophenone   	464	Methoxyacetophenone	-0.05528	-0.03745	-0.05466	-0.09299	-0.01392	-0.03853	0.03067	-0.0894	-0.06776	-0.03006	-0.04364	-0.08215	-0.01264	0.03551	-0.07865	-0.03803	0.01434	-0.06319	-0.10067	-0.08657	-0.07172	-0.03432	0.00801	-0.13694	-0.02081	-0.00139	-0.06037	0.01888	-0.05747	-0.05725	-0.08213	-0.06701	-0.00509	0.00969	0.00606	0.02778
Ferulaldehyde   	469	Ferulaldehyde	0.12395	0.03494	0.02464	0.04123	0.07017	0.01787	0.08995	0.04302	0.03779	0.04946	0.13369	0.06522	0.01921	0.02742	0.078	0.14423	0.09245	0.03763	-0.07127	-0.03259	0.07794	0.02234	0.02712	0.01792	0.03177	0.09978	0.12349	0.09246	0.05229	0.10856	0.06342	0.04162	0.04065	0.02101	0.05725	0.03711
Sinapaldehyde   	469	Sinapaldehyde	0.12395	0.03494	0.02464	0.04123	0.07017	0.01787	0.08995	0.04302	0.03779	0.04946	0.13369	0.06522	0.01921	0.02742	0.078	0.14423	0.09245	0.03763	-0.07127	-0.03259	0.07794	0.02234	0.02712	0.01792	0.03177	0.09978	0.12349	0.09246	0.05229	0.10856	0.06342	0.04162	0.04065	0.02101	0.05725	0.03711
4-Hydroxycoumarin   	323	Hydroxycoumarin	0.14448	0.16297	0.07345	0.02698	0.10468	-0.02439	0.10021	0.10121	0.04569	0.08347	0.18255	0.11885	0.30653	0.01132	0.2945	0.21483	0.16063	0.06715	0.00346	0.03173	0.04399	0.01873	0.11425	0.04829	0.02697	0.01389	0.19279	0.05543	0.08985	0.1626	0.00035	0.1174	0.13653	0.07364	0.03619	0.00215
Esculetin   	469	Esculetin	0.12395	0.03494	0.02464	0.04123	0.07017	0.01787	0.08995	0.04302	0.03779	0.04946	0.13369	0.06522	0.01921	0.02742	0.078	0.14423	0.09245	0.03763	-0.07127	-0.03259	0.07794	0.02234	0.02712	0.01792	0.03177	0.09978	0.12349	0.09246	0.05229	0.10856	0.06342	0.04162	0.04065	0.02101	0.05725	0.03711
Esculin   	418	Esculin	0.10963	-0.05764	0.11499	0.00303	0.15347	-0.04698	0.11162	0.14916	0.03407	0.07015	0.19698	0.13493	0.19684	0.05394	0.26548	0.23231	0.05317	0.15823	-0.00518	0.07141	0.07409	0.02983	0.13401	0.07916	0.04989	-0.0121	0.25067	-0.0965	0.06458	0.17072	-0.01201	0.15655	0.13034	0.05926	-0.06318	-0.14118
Mellein   	430	Mellein	0.10369	0.02875	0.00153	0.04865	0.08539	0.02014	0.03738	0.004	-0.01957	-0.00649	-0.04176	0.01041	0.01784	0.04647	0.03446	-0.02576	-0.00463	0.12597	0.00215	0.00529	0.0689	0.03762	-0.01184	-0.0087	0.05528	0.02455	0.03979	0.07796	-0.00235	0.03664	0.09264	0.07099	-0.02549	-0.0367	0.03431	0.04508
Scopoletin   	469	Scopoletin	0.12395	0.03494	0.02464	0.04123	0.07017	0.01787	0.08995	0.04302	0.03779	0.04946	0.13369	0.06522	0.01921	0.02742	0.078	0.14423	0.09245	0.03763	-0.07127	-0.03259	0.07794	0.02234	0.02712	0.01792	0.03177	0.09978	0.12349	0.09246	0.05229	0.10856	0.06342	0.04162	0.04065	0.02101	0.05725	0.03711
Umbelliferone   	418	Umbelliferone	0.1085	-0.05677	0.11427	0.00251	0.15287	-0.04676	0.11112	0.14826	0.03395	0.06949	0.19589	0.13537	0.19753	0.05391	0.26517	0.23142	0.05271	0.15713	-0.00504	0.07107	0.07384	0.02874	0.13347	0.07934	0.04935	-0.01296	0.24965	-0.0961	0.06405	0.16974	-0.01262	0.15469	0.13018	0.05968	-0.06432	-0.1413
[6]-Gingerol   	461	Gingerol	0.00532	-0.0186	0.02087	-0.01662	0.03153	-0.00004	-0.03858	0.03308	-0.01605	-0.07763	-0.02926	-0.05327	-0.02744	-0.07001	0.02287	-0.00526	-0.0043	0.04769	0.0507	-0.03207	-0.05645	0.03853	0.05786	0.10797	-0.06568	-0.04178	0.00934	-0.0012	-0.01299	0.0108	-0.01613	0.01213	0.00962	-0.01548	0.07447	0.00121
2-Methoxy-5-prop-1-enylphenol   	464	Methoxy_prop_enylphenol	-0.05528	-0.03745	-0.05466	-0.09299	-0.01392	-0.03853	0.03067	-0.0894	-0.06776	-0.03006	-0.04364	-0.08215	-0.01264	0.03551	-0.07865	-0.03803	0.01434	-0.06319	-0.10067	-0.08657	-0.07172	-0.03432	0.00801	-0.13694	-0.02081	-0.00139	-0.06037	0.01888	-0.05747	-0.05725	-0.08213	-0.06701	-0.00509	0.00969	0.00606	0.02778
Acetyl eugenol  	441	Acetyl_eugenol	0.05427	-0.05656	0.11953	0.02443	0.0553	-0.01784	0.02509	0.0881	0.00816	-0.0036	0.03261	0.09341	-0.09175	0.03759	0.02804	0.03069	0.02961	0.0176	-0.01106	0.1223	0.02394	0.09064	0.05339	0.05074	0.02634	0.0265	0.01384	0.00296	0.08355	0.04644	0.04135	0.04411	0.08708	0.05608	0.11153	-0.01192
Anethole   	409	Anethole	0.17031	-0.14488	0.28097	-0.02302	0.20514	0.07717	0.07043	0.26449	-0.02856	0.10852	0.11835	0.09134	-0.27784	-0.04597	-0.04385	0.12403	0.03584	0.17837	0.02125	0.14593	0.09443	0.06914	-0.0688	0.02045	0.02327	0.10692	0.04808	-0.05754	0.12146	0.06986	0.06732	0.19855	0.21127	0.1444	0.01745	-0.10844
Eugenol   	441	Eugenol	0.05432	-0.05657	0.11951	0.02441	0.0553	-0.0178	0.02513	0.08809	0.00814	-0.00358	0.03265	0.09346	-0.09177	0.03759	0.02802	0.03074	0.02966	0.01763	-0.01108	0.12231	0.02394	0.09062	0.05338	0.0507	0.02635	0.02655	0.01388	0.00296	0.0836	0.04643	0.04131	0.04415	0.08708	0.05611	0.11152	-0.01194
Guaiacol   	65	Guaiacol	0.49481	-0.04389	0.04801	0.04692	0.09066	-0.11645	0.45672	0.07488	0.07047	0.02831	0.30718	0.1622	0.02021	0.00356	0.14565	0.40957	0.17425	0.22578	-0.02696	0.0044	-0.03291	0.04777	0.06922	-0.01581	-0.03027	0.00707	0.47914	0.10211	-0.06117	0.55361	0.05077	0.08336	0.07422	0.0034	0.08271	0.00944
Juglone   	466	Juglone	-0.04717	0.01963	0.08171	0.03968	0.03376	-0.01777	-0.01741	0.05569	-0.03692	-0.08591	-0.10241	-0.0408	-0.01925	0.02845	-0.0876	-0.05979	-0.03448	-0.00528	-0.02444	-0.04296	-0.03986	-0.00632	-0.03742	-0.06972	-0.02177	0.00018	-0.08057	-0.12041	-0.0439	-0.07693	-0.03703	0.01578	-0.01634	0.06671	-0.00016	-0.11994
Carnosic acid  	458	Carnosic	0.02225	0.07017	-0.07897	0.08472	0.02286	0.01563	-0.06451	-0.10646	-0.01927	-0.07861	-0.01018	0.07153	0.02666	-0.0164	0.00051	-0.04666	-0.03698	0.03754	-0.00942	-0.02315	0.02638	0.04794	0.09768	0.00683	0.02618	-0.01214	-0.06416	0.04726	0.00028	-0.05548	0.06224	-0.03726	-0.04341	-0.08962	0.11941	0.0339
Carnosol   	458	Carnosol	0.02225	0.07017	-0.07897	0.08472	0.02286	0.01563	-0.06451	-0.10646	-0.01927	-0.07861	-0.01018	0.07153	0.02666	-0.0164	0.00051	-0.04666	-0.03698	0.03754	-0.00942	-0.02315	0.02638	0.04794	0.09768	0.00683	0.02618	-0.01214	-0.06416	0.04726	0.00028	-0.05548	0.06224	-0.03726	-0.04341	-0.08962	0.11941	0.0339
Rosmanol   	458	Rosmanol	0.02225	0.07017	-0.07897	0.08472	0.02286	0.01563	-0.06451	-0.10646	-0.01927	-0.07861	-0.01018	0.07153	0.02666	-0.0164	0.00051	-0.04666	-0.03698	0.03754	-0.00942	-0.02315	0.02638	0.04794	0.09768	0.00683	0.02618	-0.01214	-0.06416	0.04726	0.00028	-0.05548	0.06224	-0.03726	-0.04341	-0.08962	0.11941	0.0339
"3,4-DHPEA-AC   "	277	DHPEA_AC	-0.20433	0.15781	-0.16582	0.03365	-0.06285	0.0687	-0.12782	-0.16463	-0.04841	0.05271	-0.12758	-0.10322	0.13167	0.04679	-0.06381	-0.12667	-0.10581	-0.14441	-0.00126	-0.095	0.02344	-0.12592	-0.0541	-0.02778	0.00646	0.04698	-0.21922	-0.07732	-0.07285	-0.18023	-0.08588	-0.10761	-0.09081	0.00305	-0.12835	0.02599
Hydroxytyrosol   	67	Hydroxytyrosol	-0.17053	0.58251	-0.29425	0.28359	-0.29738	0.1797	-0.10924	-0.2973	0.055	-0.02549	-0.1984	-0.10178	0.48066	0.03469	-0.01653	-0.24692	0.04857	-0.15177	0.06207	-0.15805	0.01648	-0.13931	0.03523	0.03849	0.18761	0.04006	-0.21447	0.1921	-0.03134	-0.15884	-0.033	-0.27252	-0.18521	-0.05792	0.06595	0.34823
Tyrosol   	37	Tyrosol	-0.05951	0.66178	-0.24123	0.30087	-0.19341	0.13031	-0.05206	-0.21196	0.06264	-0.00343	-0.05675	-0.00184	0.62344	0.0858	0.18268	-0.07315	0.18293	-0.07038	0.05378	-0.13133	0.06442	-0.05499	0.19212	0.04986	0.21586	0.05369	-0.08038	0.3505	0.03657	-0.04091	-0.05655	-0.16335	-0.09938	-0.03508	0.25271	0.51168
Oleoside 11-methylester  	371	Oleosid_methylester	-0.26329	0.19457	-0.21321	0.05805	-0.15749	0.11121	-0.12791	-0.23873	-0.04014	0.00157	-0.18664	-0.15357	0.15578	-0.08209	-0.1507	-0.18851	-0.12055	-0.18524	-0.00104	-0.09036	-0.01806	-0.18977	-0.1205	-0.01978	-0.01106	-0.01065	-0.23813	-0.12687	-0.1145	-0.20656	-0.06291	-0.20365	-0.16003	-0.07361	-0.15431	0.00858
p-HPEA-AC   	410	p_HPEA_AC	-0.15621	0.20886	-0.13199	0.12236	-0.12045	0.07021	-0.08511	-0.14558	0.00312	0.00317	-0.11239	-0.08267	0.13082	-0.00796	-0.03939	-0.11013	-0.03758	-0.11264	-0.01295	-0.06641	0.02232	-0.08166	-0.02834	-0.02146	0.06702	-0.01663	-0.14636	-0.02282	-0.03044	-0.11311	0.02872	-0.09226	-0.16005	-0.03997	-0.05736	0.05437
"3,4-Dihydroxyphenylglycol   "	278	Dihydroxyphenylglycol	-0.18719	0.18397	-0.17545	0.04884	-0.05645	0.07022	-0.1183	-0.18155	-0.04399	0.04176	-0.12291	-0.08774	0.15077	0.03796	-0.05819	-0.12228	-0.08843	-0.13577	0.01449	-0.08779	0.02655	-0.13156	-0.04328	-0.0132	0.01375	0.03478	-0.20289	-0.06096	-0.0793	-0.16354	-0.08397	-0.11549	-0.0891	0.00037	-0.11926	0.04123
Hydroquinone	392	Hydroquinone	0.00923	0.08045	-0.09359	0.01982	-0.06449	0.04339	0.01279	-0.1013	0.00047	-0.04527	0.02802	0.03111	0.01415	0.02769	-0.01254	0.00479	0.03295	0.01443	-0.03629	-0.00712	-0.08877	-0.06617	-0.07612	0.00712	0.01241	-0.08744	0.01449	-0.00885	-0.13273	0.03795	0.00554	0.00478	-0.01087	0.02744	-0.0445	0.04247
Catechol   	53	Catechol	0.50193	-0.04535	0.05038	0.0479	0.09394	-0.11285	0.45672	0.08128	0.08006	0.03448	0.31599	0.1651	0.02351	0.00254	0.15494	0.41714	0.17121	0.23109	-0.01939	0.01164	-0.02451	0.05106	0.0728	-0.006	-0.03093	0.00963	0.49025	0.09626	-0.05714	0.56253	0.05713	0.08938	0.07634	-0.00091	0.08434	0.00586
Phenol   	61	Phenol	0.50216	-0.04502	0.05065	0.04866	0.09052	-0.11279	0.45786	0.07901	0.07789	0.03161	0.31045	0.1629	0.02146	0.00183	0.14908	0.41215	0.17001	0.22723	-0.0185	0.01104	-0.02812	0.04911	0.06913	-0.007	-0.03334	0.00685	0.48492	0.09924	-0.06013	0.56016	0.05729	0.08649	0.07459	0.0003	0.0808	0.00715
Phloroglucinol	223	Phloroglucinol	-0.08201	0.12698	-0.00813	0.14729	0.07499	0.17562	-0.01991	0.00846	0.37072	0.01721	-0.06542	0.04774	0.13195	0.05106	0.02984	-0.01348	0.06963	-0.0181	0.39102	0.14689	0.23391	-0.0313	-0.10851	0.40095	0.09952	0.07548	0.09451	0.09792	0.1482	0.02604	-0.01191	0.01543	-0.02987	0.04127	0.03583	0.0699
 Pyrogallol   	55	Pyrogallol	0.501	-0.04591	0.05054	0.04733	0.09398	-0.11319	0.45625	0.08207	0.08088	0.03557	0.31683	0.16571	0.02424	0.00066	0.15849	0.41699	0.1709	0.2315	-0.01762	0.01399	-0.02216	0.05193	0.07237	-0.00311	-0.03012	0.01028	0.49251	0.09515	-0.05612	0.56254	0.05709	0.08886	0.07615	-0.00142	0.08287	0.00433
Sanguisorbic acid dilactone	464	Sanguisorbic	-0.02833	-0.04773	-0.03176	-0.07104	0.01793	-0.03737	-0.01554	-0.07352	-0.03982	0.02115	0.02271	-0.00185	-0.06823	-0.01831	-0.00097	0.00682	0.05839	-0.06236	-0.04141	0.04492	0.03471	0.04148	-0.00684	-0.06408	-0.05663	0.03526	-0.03718	-0.05019	0.01978	-0.03112	0.07276	0.00956	0.04479	0.0237	-0.08764	-0.00037
Gallic acid ethyl ester	213	Gallic acid ethyl ester	0.04494	0.39567	-0.18717	0.14548	-0.13026	-0.0236	-0.02705	-0.16265	0.0113	-0.05394	0.00505	0.03601	0.37264	0.18159	0.18246	0.00795	0.2214	-0.06845	-0.02882	-0.05217	0.00682	0.11231	0.30147	-0.0346	0.13303	0.02618	-0.06193	0.46679	0.0998	0.01887	-0.03055	-0.09545	-0.04362	-0.05844	0.39762	0.58291
